fecha	cp	minsplit	minbucket	maxdepth	xval_folds	ganancia	iteracion
20220911 014527	-0.994271752258355	3468	834	14	5	18856000	1
20220911 014552	-0.990681544475665	1780	728	13	5	18508000	2
20220911 014613	-0.992296480944497	7308	1993	14	5	15362000	3
20220911 014636	-0.994918110785511	4123	1305	14	5	17756000	4
20220911 014655	-0.997076737751486	7659	3312	13	5	15840000	5
20220911 014718	-0.992822315432277	2180	1017	13	5	17842000	6
20220911 014742	-0.995138554110308	6751	128	13	5	15282000	7
20220911 014806	-0.998142255667917	6254	311	14	5	17230000	8
20220911 014826	-0.99561207408784	7659	3279	14	5	15840000	9
20220911 014849	-0.991437402030861	2639	686	13	5	17776000	10
20220911 014911	-0.993834890735452	4002	1871	13	5	17558000	11
20220911 014936	-0.996790008014068	1599	481	14	5	19778000	12
20220911 014957	-0.998481145903643	5027	1313	14	5	17320000	13
20220911 015019	-0.99044111602474	5719	1326	13	5	17320000	14
20220911 015040	-0.997435638056292	3557	1728	14	5	17576000	15
20220911 015100	-0.993046494335867	7041	3403	14	5	15696000	16
20220911 015131	-0.992363651785168	4	1	14	5	14216000	17
20220911 015200	-0.995939941116698	2144	11	14	5	17504000	18
20220911 015228	-0.999241882782007	1516	756	14	5	18066000	19
20220911 015256	-0.99525543977098	1582	635	14	5	18010000	20
20220911 015326	-0.997203108844521	1545	30	14	5	17522000	21
20220911 015353	-0.996817099981312	2809	571	14	5	18218000	22
20220911 015421	-0.996780943132927	1104	347	14	5	19542000	23
20220911 015449	-0.996778377933304	1654	618	14	5	18444000	24
20220911 015517	-0.996597250913369	879	436	14	5	19966000	25
20220911 015549	-0.997132544102876	920	441	14	5	18984000	26
20220911 015617	-0.996795352860988	1182	258	14	5	19464000	27
20220911 015644	-0.996596291931431	2097	510	14	5	19660000	28
20220911 015711	-0.996601814555014	1412	245	14	5	19698000	29
20220911 015738	-0.996331756246574	1070	470	14	5	19480000	30
20220911 015805	-0.99661072321084	1180	483	14	5	19918000	31
20220911 015832	-0.996601362039194	1413	654	14	5	18200000	32
20220911 015858	-0.994584312677149	4720	472	14	5	17130000	33
20220911 015923	-0.993915056453246	2238	1113	14	5	17564000	34
20220911 015950	-0.990001079426495	1570	208	13	5	19974000	35
20220911 020017	-0.990190447472654	440	215	13	5	19366000	36
20220911 020044	-0.990241027970032	2317	97	13	5	18572000	37
20220911 020111	-0.990000809906608	1362	390	13	5	19272000	38
20220911 020137	-0.990001414835224	1147	120	13	5	19728000	39
20220911 020202	-0.996616677464306	1633	432	14	5	19636000	40
20220911 020228	-0.990000615621241	2713	133	13	5	18830000	41
20220911 020253	-0.991006657936149	1121	228	13	5	19758000	42
20220911 020320	-0.991858973943335	444	210	13	5	19344000	43
20220911 020348	-0.991295643991575	9	2	13	5	15352000	44
20220911 020427	-0.99214897747954	1258	317	13	5	20064000	45
20220911 020454	-0.991856415187321	1071	368	13	5	19202000	46
20220911 020521	-0.992526759596284	1063	221	13	5	19034000	47
20220911 020552	-0.992098037029923	1851	204	13	5	19816000	48
20220911 020619	-0.990764809736334	1469	268	13	5	20096000	49
20220911 020646	-0.99215396767421	825	243	13	5	20092000	50
20220911 020712	-0.992176378439814	4456	291	13	5	17040000	51
20220911 020739	-0.990910061413107	1736	285	13	5	20166000	52
20220911 020805	-0.999962431400028	4147	479	14	5	18326000	53
20220911 020833	-0.999991470402318	499	247	14	5	19436000	54
20220911 020901	-0.999700572494394	1970	5	14	5	17610000	55
20220911 020929	-0.99999926007142	1176	573	14	5	19356000	56
20220911 020953	-0.999998806247	2488	1240	14	5	17466000	57
20220911 021021	-0.996525369213079	280	139	14	5	17908000	58
20220911 021044	-0.992171734870837	3368	1683	13	5	17576000	59
20220911 021108	-0.998715293597235	4634	2316	14	5	16984000	60
20220911 021131	-0.994143806190521	7820	954	14	5	15362000	61
20220911 021154	-0.999999728093645	7994	807	14	5	15362000	62
20220911 021221	-0.999485509642998	806	398	14	5	19012000	63
20220911 021243	-0.992806138540665	7945	2049	13	5	15362000	64
20220911 021307	-0.994794688008162	2679	1337	13	5	17464000	65
20220911 021332	-0.996161526428944	3800	1899	13	5	17746000	66
20220911 021357	-0.997486490021248	2810	1399	13	5	17722000	67
20220911 021421	-0.998515189107858	4075	2004	13	5	17788000	68
20220911 021442	-0.99764859574302	7256	1690	13	5	15362000	69
20220911 021506	-0.999429682998382	2728	1361	13	5	17464000	70
20220911 021533	-0.996659173504742	2350	224	14	5	19216000	71
20220911 021605	-0.998340501412483	2074	485	14	5	19276000	72
20220911 021631	-0.998304962274847	1346	670	13	5	18052000	73
20220911 021658	-0.996492889818404	1625	811	13	5	18548000	74
20220911 021726	-0.997082302393304	505	251	13	5	19626000	75
20220911 021751	-0.997195775495441	2510	303	13	5	18748000	76
20220911 021818	-0.996249619340031	460	230	13	5	19374000	77
20220911 021846	-0.996759944489354	942	1	13	5	19954000	78
20220911 021913	-0.997592722272712	241	1	13	5	19128000	79
20220911 021939	-0.996703713441285	1371	157	13	5	19712000	80
20220911 022007	-0.996711820857378	6	3	13	5	15630000	81
20220911 022034	-0.997661647164738	1224	1	13	5	19218000	82
20220911 022101	-0.996855114323857	2056	24	13	5	17680000	83
20220911 022127	-0.99675900166076	2027	212	13	5	19586000	84
20220911 022155	-0.99659314141739	1619	210	14	5	19920000	85
20220911 022223	-0.996611030547145	492	196	14	5	19586000	86
20220911 022249	-0.996698359171841	1290	417	13	5	18810000	87
20220911 022314	-0.990909470446346	1772	577	13	5	19022000	88
20220911 022342	-0.990910961083321	1567	10	13	5	18240000	89
20220911 022410	-0.992147979792256	314	2	13	5	19244000	90
20220911 022436	-0.990905550042358	2313	279	13	5	19186000	91
20220911 022502	-0.992152518996463	1810	562	13	5	19114000	92
20220911 022528	-0.990912951103758	2431	357	13	5	18908000	93
20220911 022556	-0.990894512031032	588	290	13	5	19596000	94
20220911 022628	-0.990909749583276	1030	346	13	5	19290000	95
20220911 022656	-0.996596687969532	3711	221	14	5	18054000	96
20220911 022723	-0.990762687937567	598	92	13	5	18900000	97
20220911 022749	-0.990767839288894	1604	411	13	5	19036000	98
20220911 022816	-0.992036793523649	669	318	13	5	18968000	99
20220911 022842	-0.99063575744017	1673	236	13	5	19948000	100
20220911 022908	-0.992277975074043	1247	219	13	5	19890000	101
20220911 022935	-0.996368228644313	2156	158	13	5	19434000	102
20220911 023002	-0.995882492515407	1083	239	13	5	19466000	103
20220911 023028	-0.997465787851775	844	229	13	5	20480000	104
20220911 023057	-0.99897575965993	552	212	13	5	19624000	105
20220911 023121	-0.996315780045524	4485	815	13	5	17130000	106
20220911 023148	-0.998163729182436	612	221	13	5	19810000	107
20220911 023217	-0.999993075030128	467	1	13	5	19558000	108
20220911 023243	-0.990001635766228	7698	547	13	5	15362000	109
20220911 023309	-0.996380666026385	902	243	13	5	20288000	110
20220911 023336	-0.999997654359502	912	454	13	5	18874000	111
20220911 023400	-0.990004325292082	2691	1344	13	5	17464000	112
20220911 023425	-0.999996170560366	4634	260	13	5	16770000	113
20220911 023448	-0.999999865002445	4967	2477	13	5	17226000	114
20220911 023512	-0.990005347717222	5075	2537	13	5	17226000	115
20220911 023534	-0.990008576010316	7473	3730	13	5	16354000	116
20220911 023558	-0.99597799737617	4289	2144	14	5	17570000	117
20220911 023619	-0.997323935315531	7998	2048	14	5	15362000	118
20220911 023650	-0.997252217451794	933	213	13	5	20746000	119
20220911 023713	-0.994978207887815	5208	2600	13	5	17226000	120
20220911 023740	-0.994154270089359	829	2	13	5	20520000	121
20220911 023807	-0.993921115856119	888	264	13	5	20166000	122
20220911 023833	-0.993625130262748	576	1	13	5	19938000	123
20220911 023900	-0.994609094405488	770	181	13	5	20412000	124
20220911 023924	-0.990002475871238	3810	897	14	5	18388000	125
20220911 023948	-0.990000093050623	7611	479	14	5	15362000	126
20220911 024012	-0.990002867966009	3388	1689	14	5	17576000	127
20220911 024037	-0.991485992029014	3496	1016	14	5	18514000	128
20220911 024102	-0.994328712276835	1992	644	13	5	18764000	129
20220911 024129	-0.994410208762701	344	36	13	5	17468000	130
20220911 024155	-0.994589079730083	1982	247	13	5	19348000	131
20220911 024222	-0.99405176987067	1097	46	13	5	19724000	132
20220911 024248	-0.994149034666869	790	369	13	5	19524000	133
20220911 024316	-0.997337985706502	625	306	13	5	19864000	134
20220911 024342	-0.994721024954247	489	203	13	5	19180000	135
20220911 024404	-0.999988710589877	7995	3996	14	5	16330000	136
20220911 024427	-0.990003721393874	5392	2687	14	5	17284000	137
20220911 024448	-0.990003195917837	8000	3991	14	5	16330000	138
20220911 024514	-0.993809351858184	764	6	13	5	20120000	139
20220911 024536	-0.993973857937995	7998	3998	13	5	16330000	140
20220911 024558	-0.999999355967079	8000	3995	13	5	16330000	141
20220911 024627	-0.990007929445479	1200	593	14	5	18820000	142
20220911 024658	-0.997232344400225	861	5	13	5	20714000	143
20220911 024724	-0.990002146197831	3224	1	14	5	16654000	144
20220911 024747	-0.999997097864727	7998	797	13	5	15362000	145
20220911 024810	-0.992212718925906	6162	3081	13	5	16890000	146
20220911 024835	-0.993721334054946	1295	410	13	5	18810000	147
20220911 024857	-0.999996534237579	6120	3057	14	5	17104000	148
20220911 024923	-0.997438456315202	1512	3	13	5	18774000	149
20220911 024948	-0.992665479278257	2936	552	14	5	18274000	150
20220911 025013	-0.993371454273909	3670	1831	14	5	17576000	151
20220911 025035	-0.994189660469053	5246	2619	14	5	17226000	152
20220911 025057	-0.999998542970909	5624	1818	14	5	17320000	153
20220911 025123	-0.997533572617321	974	466	13	5	19112000	154
20220911 025143	-0.999992110742381	7999	2876	13	5	15472000	155
20220911 025205	-0.990000922671786	8000	2834	13	5	15472000	156
20220911 025232	-0.997220910417851	312	156	13	5	18082000	157
20220911 025257	-0.997261646411605	1915	3	13	5	17746000	158
20220911 025321	-0.99914052188303	7646	222	13	5	15154000	159
20220911 025343	-0.999767037227889	4885	1331	14	5	17320000	160
20220911 025406	-0.991825199280453	5034	1081	14	5	17320000	161
20220911 025433	-0.999225636579602	226	37	14	5	16300000	162
20220911 025455	-0.9993475672502	6843	1285	14	5	15362000	163
20220911 025518	-0.992148533793648	7058	844	14	5	15362000	164
20220911 025539	-0.997073388273294	5174	1608	14	5	17320000	165
20220911 025604	-0.992098039158997	2279	373	13	5	18944000	166
20220911 025626	-0.993921112724429	5144	1521	13	5	17320000	167
20220911 025648	-0.994589067466721	4325	2159	13	5	17532000	168
20220911 025718	-0.994721033748085	4621	2281	13	5	16984000	169
20220911 025745	-0.996596301797216	3288	66	14	5	16998000	170
20220911 025811	-0.997249866993317	840	401	13	5	18280000	171
20220911 025837	-0.994154277039343	1162	9	13	5	19674000	172
20220911 025902	-0.996601815933207	3089	629	14	5	17988000	173
20220911 025924	-0.99884674033536	5676	2652	14	5	17298000	174
20220911 025946	-0.991730690648601	7708	3827	14	5	16352000	175
20220911 030008	-0.993751304602401	7655	3073	13	5	15736000	176
20220911 030031	-0.996795353320754	5996	1201	14	5	17320000	177
20220911 030053	-0.990065118275614	7438	1226	13	5	15362000	178
20220911 030116	-0.998344703754043	4256	1720	13	5	17094000	179
20220911 030138	-0.999741648954576	5742	1707	14	5	17320000	180
20220911 030201	-0.993228237417336	4205	1786	14	5	17576000	181
20220911 030222	-0.99251659977996	6821	3384	13	5	15840000	182
20220911 030247	-0.997198957405136	2483	449	13	5	18962000	183
20220911 030309	-0.999188315596534	7797	1180	13	5	15362000	184
20220911 030335	-0.994461375396592	7287	107	14	5	15008000	185
20220911 030358	-0.995748824951565	7916	591	13	5	15362000	186
20220911 030422	-0.991601391220044	6938	479	13	5	15362000	187
20220911 030446	-0.991042522713129	3202	906	13	5	18946000	188
20220911 030508	-0.994515560345411	7572	1604	13	5	15362000	189
20220911 030532	-0.997367340505552	3379	822	13	5	18940000	190
20220911 030554	-0.99843731810952	6733	1828	14	5	15362000	191
20220911 030620	-0.997281062484565	2147	647	14	5	18696000	192
20220911 030644	-0.991942284363377	3006	992	13	5	17942000	193
20220911 030707	-0.995559976373398	3876	1430	13	5	17624000	194
20220911 030733	-0.994350435892881	5772	2804	14	5	17328000	195
20220911 030757	-0.999421970305587	2828	1161	13	5	17186000	196
20220911 030823	-0.998142425846382	1842	292	14	5	20074000	197
20220911 030847	-0.991657252237787	5998	1143	14	5	17320000	198
20220911 030909	-0.99805258034316	4772	1589	14	5	17138000	199
20220911 030933	-0.999616731290264	6270	624	13	5	17320000	200
20220911 031000	-0.99237751753998	437	8	13	5	18890000	201
20220911 031025	-0.995210633650019	5711	186	13	5	17112000	202
20220911 031049	-0.993577073277469	6021	257	13	5	17110000	203
20220911 031111	-0.999878065575833	7946	2863	14	5	15472000	204
20220911 031132	-0.992605017484221	6787	2163	13	5	15362000	205
20220911 031154	-0.991386694860302	7417	1546	13	5	15362000	206
20220911 031218	-0.99855224721174	4681	1029	13	5	17130000	207
20220911 031241	-0.996048374441608	4743	2096	13	5	17098000	208
20220911 031306	-0.993494355414204	5488	90	13	5	17160000	209
20220911 031329	-0.993912891999261	4881	1810	13	5	17320000	210
20220911 031353	-0.993386428904056	4453	692	14	5	17130000	211
20220911 031417	-0.997345419974858	5976	1010	13	5	17320000	212
20220911 031442	-0.991548076614648	3594	1059	13	5	18430000	213
20220911 031506	-0.991157688254758	3587	795	13	5	18604000	214
20220911 031531	-0.99011858988644	5858	856	14	5	17320000	215
20220911 031555	-0.99458908143662	3811	771	13	5	18388000	216
