fecha	cp	minsplit	minbucket	maxdepth	xval_folds	ganancia	iteracion
20220911 203630	-0.994021842591043	175	48	8	5	19656000	104
20220911 204401	-0.995914906659378	1811	198	8	5	20414000	2
20220911 204425	-0.998035617888356	462	137	8	5	21056000	3
20220911 204444	-0.997969228018321	700	199	7	5	20912000	4
20220911 204506	-0.997972482986601	878	197	9	5	20830000	5
20220911 204526	-0.994633604080393	899	186	8	5	21720000	6
20220911 204546	-0.997972978126631	1823	185	8	5	20268000	7
20220911 204606	-0.996200087294944	2347	333	8	5	19034000	8
20220911 204630	-0.995655869628957	1498	64	8	5	20316000	9
20220911 204650	-0.991999922565398	2232	95	8	5	18904000	10
20220911 204711	-0.997936549841432	468	150	8	5	21330000	11
20220911 204732	-0.995873803405387	223	64	9	5	19552000	12
20220911 204753	-0.991479098207003	34	11	8	5	20880000	13
20220911 204814	-0.997984117457675	710	234	8	5	21548000	14
20220911 204833	-0.99577549015526	541	175	7	5	20768000	15
20220911 204852	-0.995897165549975	1606	51	6	5	19016000	16
20220911 204913	-0.991454829270345	668	216	8	5	21498000	17
20220911 204934	-0.991285130112379	493	153	8	5	21314000	18
20220911 204955	-0.99392775697974	600	189	8	5	21662000	19
20220911 205017	-0.994682203560925	1850	1	10	5	18166000	20
20220911 205033	-0.990022513653335	4281	1407	3	5	15224000	21
20220911 205113	-0.990166554316436	116	3	30	5	12514000	22
20220911 205138	-0.990155626212787	1765	579	13	5	19022000	23
20220911 205200	-0.990602522940853	8000	2639	30	5	15438000	24
20220911 205221	-0.992223478145797	678	199	8	5	21670000	25
20220911 205236	-0.999870427530128	7998	2634	3	5	15224000	26
20220911 205259	-0.990018661616049	1989	52	9	5	18728000	27
20220911 205323	-0.999944019333716	3761	1241	30	5	17686000	28
20220911 205358	-0.999974601008902	8000	1	30	5	14406000	29
20220911 205412	-0.99535459805512	5558	59	3	5	15224000	30
20220911 205439	-0.999769891153816	6411	2114	30	5	16108000	31
20220911 205501	-0.998835493758259	1652	149	9	5	19688000	32
20220911 205522	-0.998349265014275	771	160	8	5	21566000	33
20220911 205552	-0.999995016956588	1206	395	30	5	1.9e+07	34
20220911 205608	-0.999998426775797	7998	950	3	5	15224000	35
20220911 205624	-0.99999631297687	5670	1868	3	5	15224000	36
20220911 205646	-0.990006886189721	5304	1750	30	5	17320000	37
20220911 205708	-0.999918348811455	8000	2637	20	5	15438000	38
20220911 205737	-0.999992347338318	899	294	18	5	20320000	39
20220911 205752	-0.990002058364674	7993	2475	3	5	15224000	40
20220911 205815	-0.992721814416426	785	254	8	5	21462000	41
20220911 205837	-0.996880324994876	620	183	8	5	21810000	42
20220911 205906	-0.997076626654984	700	189	16	5	20130000	43
20220911 205933	-0.998717352960673	693	216	14	5	19952000	44
20220911 205955	-0.992703454800659	553	141	8	5	21156000	45
20220911 210015	-0.991078367513193	2589	197	7	5	18868000	46
20220911 210039	-0.996838603575911	690	177	10	5	20586000	47
20220911 210109	-0.999446172793173	783	258	24	5	19844000	48
20220911 210140	-0.996253817692835	738	180	23	5	20362000	49
20220911 210200	-0.996706763321128	488	133	7	5	20096000	50
20220911 210222	-0.997055491016038	711	196	8	5	21766000	51
20220911 210252	-0.99695296343909	738	241	29	5	19712000	52
20220911 210323	-0.995082375225133	942	309	27	5	20182000	53
20220911 210351	-0.996129062027717	1694	559	26	5	18984000	54
20220911 210419	-0.993657199786013	1434	473	24	5	19920000	55
20220911 210450	-0.993752354333632	2696	886	29	5	17868000	56
20220911 210512	-0.990824793552007	925	180	8	5	21850000	57
20220911 210538	-0.991279414840583	1947	638	20	5	18892000	58
20220911 210617	-0.995023684450418	1509	1	24	5	17898000	59
20220911 210641	-0.996294061579547	3709	1221	18	5	17806000	60
20220911 210703	-0.99843433129154	3699	2	8	5	16886000	61
20220911 210735	-0.998275539286533	646	211	21	5	19814000	62
20220911 210758	-0.990979051210317	782	252	8	5	21462000	63
20220911 210826	-0.990980106935726	906	192	14	5	20696000	64
20220911 210909	-0.995724713567241	14	4	30	5	6608000	65
20220911 210938	-0.997520467140869	1049	342	27	5	19432000	66
20220911 211004	-0.996970147025567	4030	537	30	5	18388000	67
20220911 211033	-0.99229729442663	3157	308	26	5	18340000	68
20220911 211058	-0.999435541169067	4670	1535	21	5	17138000	69
20220911 211128	-0.998952614791559	2950	239	30	5	18508000	70
20220911 211159	-0.990002255163037	921	205	19	5	20672000	71
20220911 211229	-0.990002186482851	1649	364	23	5	19512000	72
20220911 211251	-0.995988386665512	8000	2639	30	5	15438000	73
20220911 211307	-0.999998301786615	2991	983	3	5	15224000	74
20220911 211329	-0.990049394264861	6328	2086	19	5	16814000	75
20220911 211352	-0.998008322675288	7999	1400	22	5	15362000	76
20220911 211423	-0.994684144920469	970	319	22	5	19438000	77
20220911 211445	-0.992771181273534	2292	755	8	5	18278000	78
20220911 211520	-0.996709541792018	913	300	21	5	19822000	79
20220911 211549	-0.994622327590779	2338	387	27	5	19018000	80
20220911 211619	-0.996184441784425	3825	194	24	5	18058000	81
20220911 211643	-0.996784295234619	5443	904	12	5	17320000	82
20220911 211718	-0.990034435767905	7996	1	30	5	14406000	83
20220911 211751	-0.990793962742826	1513	1	19	5	18262000	84
20220911 211817	-0.993783641631082	4018	807	18	5	18388000	85
20220911 211841	-0.990017810886283	876	202	10	5	20626000	86
20220911 211856	-0.990178550602119	931	1	3	5	15224000	87
20220911 211920	-0.990007658764426	3868	1275	18	5	17686000	88
20220911 211944	-0.995413657814966	3978	1309	30	5	17686000	89
20220911 212012	-0.996471993636039	1751	5	14	5	17450000	90
20220911 212036	-0.99845291985358	3072	1013	13	5	17916000	91
20220911 212105	-0.99305541272183	1069	351	27	5	19644000	92
20220911 212126	-0.990075525298116	823	190	8	5	21680000	93
20220911 212202	-0.999994636911914	28	6	21	5	10336000	94
20220911 212230	-0.999060476548609	1434	471	23	5	19612000	95
20220911 212250	-0.996635960833154	4109	1354	8	5	17756000	96
20220911 212319	-0.999501206529058	1410	462	17	5	19606000	97
20220911 212341	-0.997730579485195	6246	2059	13	5	17320000	98
20220911 212404	-0.996046564089895	7997	2639	9	5	15438000	99
20220911 212432	-0.996109027756598	6500	271	30	5	15272000	100
20220911 212457	-0.993773738046025	1445	475	13	5	19976000	101
20220911 212525	-0.999995372097226	6405	1130	14	5	16108000	102
20220911 212550	-0.999994653325997	2704	890	25	5	17868000	103
20220911 212613	-0.993394557822218	5683	1875	30	5	17320000	104
20220911 212636	-0.991518622532794	3899	1286	30	5	17686000	105
20220911 212707	-0.991452045536996	1195	213	25	5	19722000	106
20220911 212727	-0.992764663658	4582	391	8	5	17040000	107
20220911 212750	-0.991683042234942	4890	1612	14	5	17320000	108
20220911 212818	-0.999998959552428	4299	319	28	5	16996000	109
20220911 212841	-0.997535640195225	5143	1696	30	5	17320000	110
20220911 212903	-0.993262744870933	7997	2639	20	5	15438000	111
20220911 212933	-0.9922068753872	881	283	18	5	20074000	112
20220911 212957	-0.990014594500133	5625	917	30	5	17320000	113
20220911 213018	-0.990001817821649	7991	1422	14	5	15362000	114
20220911 213042	-0.995785435948773	3610	771	12	5	18604000	115
20220911 213058	-0.995623192655779	5877	1935	3	5	15224000	116
20220911 213123	-0.990008053593483	2830	928	24	5	17736000	117
20220911 213152	-0.998497000571911	840	276	18	5	20376000	118
20220911 213215	-0.998574605777358	597	185	8	5	21820000	119
20220911 213241	-0.998456367698253	5462	563	20	5	17320000	120
20220911 213304	-0.999993687502616	7995	4	12	5	14810000	121
20220911 213328	-0.999996529620385	840	276	8	5	21652000	122
20220911 213352	-0.999987743158409	756	247	11	5	19802000	123
20220911 213408	-0.999999158755423	735	214	3	5	15224000	124
20220911 213430	-0.990012070699522	8000	1869	30	5	15362000	125
20220911 213445	-0.990002901299463	6355	787	3	5	15224000	126
20220911 213506	-0.999999538289877	1773	581	8	5	19012000	127
20220911 213530	-0.999998870870018	7997	2011	7	5	15362000	128
20220911 213558	-0.990043402670337	1146	375	17	5	19056000	129
20220911 213613	-0.990663070496015	7999	1	3	5	15224000	130
20220911 213639	-0.999993016370068	5235	1027	30	5	17320000	131
20220911 213654	-0.999753015064129	6961	405	3	5	15224000	132
20220911 213726	-0.991333420431703	680	221	21	5	19726000	133
20220911 213756	-0.990793516157833	1715	193	30	5	19976000	134
20220911 213821	-0.999990302389591	8000	682	20	5	15362000	135
20220911 213850	-0.99000112035971	3306	198	30	5	18792000	136
20220911 213916	-0.991335287089976	2307	212	13	5	19184000	137
20220911 213946	-0.996958853835617	786	258	24	5	19844000	138
20220911 214008	-0.999996573577325	7074	1387	30	5	15362000	139
20220911 214037	-0.998693300424351	858	280	29	5	20430000	140
20220911 214104	-0.990002317299009	6110	2	15	5	15364000	141
20220911 214136	-0.9905306398926	2197	210	27	5	19264000	142
20220911 214205	-0.996930641820622	1981	303	30	5	19550000	143
20220911 214235	-0.992130334938783	1855	254	30	5	19716000	144
20220911 214258	-0.990003018233013	5515	1264	10	5	17320000	145
20220911 214317	-0.99022615723483	7997	674	7	5	15362000	146
20220911 214340	-0.996574570475533	6441	2123	21	5	16108000	147
20220911 214408	-0.993329903534658	3713	231	30	5	18046000	148
20220911 214434	-0.995662984966479	5239	614	19	5	17320000	149
20220911 214457	-0.990002482368402	3957	67	11	5	16726000	150
20220911 214523	-0.998129650821929	2999	986	30	5	17942000	151
20220911 214550	-0.991644982444854	5942	1960	25	5	17320000	152
20220911 214619	-0.994372563598065	1464	481	29	5	19972000	153
20220911 214634	-0.999998771212092	4772	739	3	5	15224000	154
20220911 214658	-0.994793856339813	4428	1458	13	5	17138000	155
20220911 214717	-0.996962918896862	8000	1183	7	5	15362000	156
20220911 214740	-0.998690460279286	4754	1568	11	5	17138000	157
20220911 214807	-0.992234315551132	3138	1027	16	5	17962000	158
20220911 214836	-0.996068939659807	653	212	18	5	19756000	159
20220911 214909	-0.997670430174449	6955	1	22	5	14418000	160
20220911 214933	-0.998556599982834	4424	1050	25	5	17130000	161
20220911 214954	-0.997058194272638	2764	908	8	5	17878000	162
20220911 215018	-0.993403792707534	4629	1524	25	5	17138000	163
20220911 215042	-0.993881240614574	5423	969	30	5	17320000	164
20220911 215103	-0.999996433768375	7144	2357	7	5	15362000	165
20220911 215132	-0.992261673945172	1397	459	23	5	19606000	166
20220911 215148	-0.990005876085891	7999	1604	3	5	15224000	167
20220911 215210	-0.990475228983646	650	213	8	5	21186000	168
20220911 215234	-0.991633395479439	6134	952	18	5	17320000	169
20220911 215256	-0.99115630136635	904	189	9	5	20928000	170
20220911 215319	-0.990005604267876	6369	1346	30	5	16814000	171
20220911 215342	-0.999991266901341	5085	167	11	5	16990000	172
20220911 215417	-0.990025627013729	892	65	27	5	18978000	173
20220911 215443	-0.990004126887988	6959	541	24	5	15362000	174
20220911 215505	-0.990055567456625	926	51	8	5	20582000	175
20220911 215532	-0.990779082030245	837	274	11	5	20632000	176
20220911 215606	-0.999295245477143	1171	382	27	5	18906000	177
20220911 215630	-0.990733802613181	1076	352	8	5	19796000	178
20220911 215652	-0.999953652161287	5585	1843	18	5	17320000	179
20220911 215714	-0.999992752024088	8000	2019	30	5	15362000	180
20220911 215730	-0.999999102129694	4090	180	3	5	15224000	181
20220911 215752	-0.990024376068691	6948	2292	30	5	15362000	182
20220911 215815	-0.996094495213089	6092	500	10	5	17320000	183
20220911 215851	-0.999716690417593	5667	1	30	5	14948000	184
20220911 215913	-0.990281208992523	7998	2178	14	5	15362000	185
20220911 215928	-0.99902615303235	6144	1333	3	5	15224000	186
20220911 215953	-0.990035216031358	2588	853	12	5	18150000	187
20220911 220012	-0.994682506139109	3355	185	7	5	18914000	188
20220911 220036	-0.99000023491292	5483	585	12	5	17320000	189
20220911 220108	-0.996105173946816	1141	361	29	5	19264000	190
20220911 220128	-0.994455658475757	4808	1035	7	5	17130000	191
20220911 220159	-0.999804468249789	1682	166	23	5	19994000	192
20220911 220222	-0.999996769963347	7466	1727	16	5	15362000	193
20220911 220246	-0.99943159616067	7999	850	30	5	15362000	194
20220911 220303	-0.997022537037216	8000	262	3	5	15224000	195
20220911 220322	-0.999990565412284	6359	1	7	5	15794000	196
20220911 220345	-0.990005138118537	7171	1640	22	5	15362000	197
20220911 220408	-0.99351261092817	857	194	8	5	21598000	198
20220911 220424	-0.990061162215487	6595	2176	3	5	15224000	199
20220911 220448	-0.997516640332513	7241	764	11	5	15362000	200
20220911 220520	-0.998385403921446	1522	183	30	5	19758000	201
20220911 220537	-0.990000726794752	3587	720	3	5	15224000	202
20220911 220604	-0.99103297068606	690	6	8	5	20462000	203
20220911 220633	-0.990012845602996	469	154	13	5	19370000	204
20220911 220704	-0.99337551158392	634	197	15	5	19966000	205
20220911 220727	-0.991412359804432	933	176	8	5	21442000	206
20220911 220754	-0.993659171351527	597	188	11	5	20400000	207
20220911 220825	-0.996567402020254	1350	435	28	5	19422000	208
20220911 220857	-0.997944244374666	733	191	16	5	20242000	209
20220911 220928	-0.993752405152431	869	285	19	5	20246000	210
20220911 221001	-0.998473454853328	860	174	25	5	20424000	211
20220911 221035	-0.992852469596101	637	202	21	5	19858000	212
20220911 221107	-0.99409582890423	973	319	26	5	19438000	213
20220911 221137	-0.995129160877841	1714	564	28	5	19114000	214
20220911 221206	-0.991495363987226	873	195	13	5	20512000	215
20220911 221231	-0.990838576310708	549	179	8	5	21530000	216
20220911 221303	-0.999526633178234	2283	271	24	5	19266000	217
20220911 221334	-0.995894534391045	1155	380	23	5	18906000	218
20220911 221357	-0.99998836654323	6127	1660	27	5	17320000	219
20220911 221413	-0.990013642733383	7405	1137	3	5	15224000	220
20220911 221438	-0.998628950629704	766	210	8	5	21658000	221
20220911 221508	-0.990072209546794	1433	470	30	5	19612000	222
20220911 221534	-0.990012704242902	4288	940	30	5	17086000	223
20220911 221602	-0.990004885821844	5873	433	30	5	17320000	224
20220911 221630	-0.999995447511153	4170	987	9	5	18326000	225
20220911 221701	-0.990499137232521	1825	249	19	5	19860000	226
20220911 221727	-0.990244143745973	8000	676	30	5	15362000	227
20220911 221757	-0.992829638106974	5740	268	20	5	17230000	228
20220911 221822	-0.990006940340537	5781	1613	19	5	17320000	229
20220911 221856	-0.997456067488712	645	195	19	5	19920000	230
20220911 221920	-0.99995248465283	7386	2435	26	5	15362000	231
20220911 221950	-0.999999066044875	1426	300	16	5	19974000	232
20220911 222019	-0.996224914618982	2902	658	30	5	18270000	233
20220911 222050	-0.993226068300413	1603	528	20	5	19792000	234
20220911 222130	-0.997423665493843	3138	1	29	5	16886000	235
20220911 222154	-0.990916601214116	875	175	8	5	21562000	236
20220911 222219	-0.990211703908363	631	204	8	5	21598000	237
20220911 222243	-0.996958263359962	603	9	8	5	20564000	238
20220911 222308	-0.993241765311974	594	196	8	5	21714000	239
20220911 222332	-0.990807819724722	786	189	7	5	20882000	240
20220911 222402	-0.991423616013061	727	232	16	5	19790000	241
20220911 222427	-0.998548379964511	656	189	9	5	20634000	242
20220911 222450	-0.998545887510228	711	152	7	5	21004000	243
20220911 222525	-0.992072470317499	611	185	27	5	20358000	244
20220911 222601	-0.991961700000233	234	76	22	5	15220000	245
20220911 222631	-0.992742736205549	941	295	17	5	20202000	246
20220911 222707	-0.992392812643499	1235	407	27	5	18782000	247
20220911 222741	-0.9916711383924	911	234	29	5	20314000	248
20220911 222814	-0.993294650740018	797	235	23	5	20120000	249
20220911 222845	-0.99401596922585	672	215	15	5	19956000	250
20220911 222915	-0.998097887427614	1727	567	19	5	19100000	251
20220911 222939	-0.996884509356558	1010	324	8	5	20672000	252
20220911 223009	-0.992906532763052	2082	269	23	5	19534000	253
20220911 223038	-0.994220623531885	2318	759	20	5	18284000	254
20220911 223115	-0.998137689748751	370	122	28	5	19046000	255
20220911 223144	-0.997426783688352	632	205	13	5	19686000	256
20220911 223217	-0.990399079458923	818	268	21	5	20254000	257
20220911 223248	-0.99099776538316	1012	331	27	5	20250000	258
20220911 223318	-0.99833848552461	2127	171	15	5	19546000	259
20220911 223352	-0.99351602889766	876	245	30	5	20372000	260
20220911 223435	-0.992770928649555	601	1	30	5	17096000	261
20220911 223509	-0.993614913180642	1494	189	28	5	19952000	262
20220911 223539	-0.9900022530365	1643	541	27	5	19304000	263
20220911 223610	-0.992228094971238	2651	330	20	5	18352000	264
20220911 223635	-0.996326608551828	651	211	8	5	21572000	265
20220911 223659	-0.997284361650559	613	200	8	5	21604000	266
20220911 223731	-0.994507299608659	3544	550	14	5	18558000	267
20220911 223800	-0.997144407517063	2482	814	16	5	17818000	268
20220911 223833	-0.997921100399031	1101	172	23	5	19486000	269
20220911 223906	-0.991617219219182	3183	105	30	5	16948000	270
20220911 223937	-0.994923830808845	3632	327	30	5	18318000	271
20220911 224008	-0.993691399711835	3545	292	22	5	18330000	272
20220911 224031	-0.991976552236784	3869	1276	7	5	17686000	273
20220911 224103	-0.994771197246059	4256	95	19	5	16764000	274
20220911 224127	-0.999996627828898	1273	165	8	5	20306000	275
20220911 224154	-0.994965336206396	3450	1095	22	5	18266000	276
20220911 224220	-0.997951406516956	4289	1413	17	5	17076000	277
20220911 224245	-0.99377131038804	621	189	8	5	21652000	278
20220911 224313	-0.995745657980449	867	202	12	5	20502000	279
20220911 224338	-0.994544292989565	6580	2168	27	5	15362000	280
20220911 224409	-0.993466555705228	1553	493	30	5	19950000	281
20220911 224452	-0.999055252696208	896	1	30	5	18096000	282
20220911 224524	-0.997876722531743	1018	333	30	5	20250000	283
20220911 224551	-0.993216407841416	5275	816	14	5	17320000	284
20220911 224620	-0.992142450866658	5705	763	30	5	17320000	285
20220911 224648	-0.998925647418512	4338	637	15	5	17468000	286
20220911 224714	-0.990811917992137	4676	1543	26	5	17138000	287
20220911 224738	-0.993754017153877	8000	2635	3	5	15224000	288
20220911 224801	-0.991531466310657	4077	178	8	5	18118000	289
20220911 224826	-0.998345903070637	8000	2640	13	5	15438000	290
20220911 224851	-0.996156515890425	5456	1800	14	5	17320000	291
20220911 224918	-0.99654118258367	4470	1475	26	5	17138000	292
20220911 224936	-0.993420430588806	8000	557	3	5	15224000	293
20220911 225007	-0.998379060830562	4812	529	30	5	17130000	294
20220911 225035	-0.992961074591715	2869	941	23	5	17784000	295
20220911 225111	-0.990000566857334	2307	23	21	5	17688000	296
20220911 225136	-0.991824664093439	5791	958	9	5	17320000	297
20220911 225200	-0.995880238757266	4068	1	8	5	16934000	298
20220911 225231	-0.99801458331071	3266	278	18	5	18994000	299
20220911 225301	-0.999996329317474	4922	517	22	5	17320000	300
20220911 225327	-0.992566082487611	7984	2634	30	5	15438000	301
20220911 225353	-0.992654248362725	5505	1811	19	5	17320000	302
20220911 225421	-0.994633612363513	2756	908	12	5	17878000	303
20220911 225454	-0.999988673936967	1380	453	24	5	19606000	304
20220911 225526	-0.998589517082372	1802	224	22	5	20096000	305
20220911 225546	-0.997639645687141	7165	2364	3	5	15224000	306
20220911 225625	-0.9937510099481	7697	1	30	5	14384000	307
20220911 225652	-0.992230106507502	5149	1697	30	5	17320000	308
20220911 225718	-0.998072960747832	7932	2615	30	5	15362000	309
20220911 225738	-0.996079735022149	3231	1064	3	5	15224000	310
20220911 225815	-0.998900364069953	1422	183	18	5	19872000	311
20220911 225839	-0.991644924384176	8000	2639	8	5	15438000	312
20220911 225908	-0.998425168914471	3060	882	21	5	18286000	313
20220911 225940	-0.990963928944142	905	297	19	5	19830000	314
20220911 230010	-0.990721595568348	1355	169	13	5	20068000	315
20220911 230043	-0.991840963052508	1605	230	27	5	19756000	316
20220911 230117	-0.990388280483265	952	303	25	5	19820000	317
20220911 230146	-0.99209886961641	4219	507	14	5	17086000	318
20220911 230212	-0.998903078767052	634	209	8	5	21572000	319
20220911 230242	-0.994611288460855	957	305	13	5	19988000	320
20220911 230307	-0.996567608781839	660	211	8	5	21572000	321
20220911 230338	-0.995561554417477	3976	529	27	5	18388000	322
20220911 230407	-0.999989490365284	3764	1240	14	5	17686000	323
20220911 230432	-0.999279899934092	2587	283	8	5	18748000	324
20220911 230451	-0.993286460828961	4640	1531	3	5	15224000	325
20220911 230517	-0.999788494097465	824	271	8	5	21656000	326
20220911 230543	-0.995977007967128	7992	1304	17	5	15362000	327
20220911 230608	-0.992771847464974	786	207	8	5	21658000	328
20220911 230634	-0.993808765145875	2509	179	8	5	18868000	329
20220911 230700	-0.996062459467392	693	228	8	5	21646000	330
20220911 230727	-0.995545843153836	582	187	8	5	21662000	331
20220911 230758	-0.998679804956573	1868	616	30	5	18650000	332
20220911 230835	-0.993692929184555	1377	454	17	5	19606000	333
20220911 230910	-0.993076190418002	1001	183	19	5	20436000	334
20220911 230941	-0.990603247067878	1904	623	30	5	19010000	335
20220911 231015	-0.994009529934547	1865	233	30	5	19746000	336
20220911 231041	-0.998570306010805	5944	1961	23	5	17320000	337
20220911 231105	-0.993965829506433	6145	2	8	5	15796000	338
20220911 231131	-0.991903250792975	7998	1742	19	5	15362000	339
20220911 231159	-0.993917396747024	5889	862	22	5	17320000	340
20220911 231233	-0.997145154717402	2109	145	19	5	19370000	341
20220911 231308	-0.993549202326068	1440	201	21	5	20062000	342
20220911 231336	-0.998966905525692	4856	1602	30	5	17320000	343
20220911 231401	-0.996878226424007	1790	157	8	5	20142000	344
20220911 231427	-0.995457317416303	7999	1626	30	5	15362000	345
20220911 231446	-0.990000133909231	5307	1	3	5	15224000	346
20220911 231512	-0.997022415835708	6086	1190	30	5	17320000	347
20220911 231542	-0.996193210975715	7999	547	25	5	15362000	348
20220911 231617	-0.998722806630415	968	275	23	5	20018000	349
20220911 231643	-0.999285394058941	876	289	8	5	21522000	350
20220911 231702	-0.995386600285733	8000	1743	3	5	15224000	351
20220911 231732	-0.999994708583467	6233	282	17	5	17230000	352
20220911 231757	-0.999974628462566	5855	648	9	5	17320000	353
20220911 231829	-0.991842067232513	8000	4	19	5	14590000	354
20220911 231901	-0.997829734969099	5286	337	8	5	17230000	355
20220911 231926	-0.995013901022551	8000	2138	15	5	15362000	356
20220911 231946	-0.99536588463766	6787	935	3	5	15224000	357
20220911 232011	-0.990067744029193	1296	227	8	5	2e+07	358
20220911 232040	-0.990811568823499	5239	1139	14	5	17320000	359
20220911 232110	-0.997916939772305	2844	171	12	5	18438000	360
20220911 232140	-0.995291118331885	3608	974	17	5	18546000	361
20220911 232215	-0.996222511997821	2274	198	27	5	19264000	362
20220911 232239	-0.997447690101419	5208	1717	8	5	17320000	363
20220911 232305	-0.9988208519641	2188	719	8	5	18392000	364
20220911 232342	-0.998188422989794	1600	6	19	5	17242000	365
20220911 232412	-0.992932501321981	4850	589	25	5	17320000	366
20220911 232439	-0.991351246197718	6541	1442	30	5	15362000	367
20220911 232506	-0.994495022786306	4913	1615	20	5	17320000	368
20220911 232530	-0.998171612190309	3826	1260	7	5	17686000	369
20220911 232550	-0.991929595701353	6088	2009	3	5	15224000	370
20220911 232620	-0.998348781850321	6045	169	14	5	17112000	371
20220911 232654	-0.999579926083192	1432	322	21	5	20108000	372
20220911 232721	-0.996025035629853	5573	1838	30	5	17320000	373
20220911 232750	-0.993328186787884	8000	859	17	5	15362000	374
20220911 232823	-0.999222012464516	787	255	16	5	19788000	375
20220911 232853	-0.99138508161963	3492	842	24	5	18856000	376
20220911 232922	-0.993929358397787	3747	675	8	5	18388000	377
20220911 232951	-0.996033719115998	4924	940	30	5	17320000	378
20220911 233011	-0.992108566260139	6206	1	3	5	15224000	379
20220911 233039	-0.99137081731563	6337	2091	16	5	16814000	380
20220911 233105	-0.997237711904023	7943	2614	19	5	15362000	381
20220911 233140	-0.996242696051181	1643	177	21	5	20030000	382
20220911 233206	-0.996975957676918	3857	571	9	5	18388000	383
20220911 233229	-0.991880713443015	8000	1267	6	5	15362000	384
20220911 233257	-0.997287266222031	5795	1575	19	5	17320000	385
20220911 233324	-0.997221742532909	7183	1838	27	5	15362000	386
20220911 233357	-0.990000106325773	3780	391	26	5	18298000	387
20220911 233447	-0.994407633529757	7999	1147	9	5	15362000	389
20220911 233518	-0.996535030248058	3477	659	20	5	18558000	390
20220911 233546	-0.994555249596343	4903	1616	30	5	17320000	391
20220911 233612	-0.99897552090046	6540	2154	17	5	15362000	392
20220911 233637	-0.996048757812355	7999	2	8	5	14956000	393
20220911 233704	-0.996965603498068	617	202	8	5	21604000	394
20220911 233732	-0.999579653808427	944	310	8	5	21048000	395
20220911 233759	-0.996819919709831	714	201	8	5	21666000	396
20220911 233825	-0.996004167432296	658	175	8	5	21474000	397
20220911 233859	-0.998325717946429	1396	458	26	5	19606000	398
20220911 233940	-0.990983486197997	1238	401	23	5	18782000	399
20220911 234013	-0.998667446726747	1756	575	17	5	19022000	400
20220911 234050	-0.99500957409531	851	275	19	5	20340000	401
20220911 234117	-0.994633400167047	1414	451	8	5	19732000	402
20220911 234144	-0.997134679557212	660	163	8	5	21518000	403
20220911 234214	-0.999999337237346	3641	804	30	5	18604000	404
20220911 234243	-0.990798668731815	3270	623	11	5	18642000	405
20220911 234316	-0.994561576577943	744	18	11	5	19842000	406
20220911 234342	-0.999994834313056	5248	1323	9	5	17320000	407
20220911 234407	-0.999993722781573	6554	1638	8	5	15362000	408
20220911 234442	-0.99000309657984	761	249	30	5	19678000	409
20220911 234507	-0.990845254974976	3190	44	8	5	18522000	410
20220911 234539	-0.990001643430161	3026	492	30	5	18604000	411
20220911 234614	-0.990001189981932	4805	211	30	5	16800000	412
20220911 234641	-0.999991486411035	5680	1277	23	5	17320000	413
20220911 234709	-0.990014528286264	7362	2429	12	5	15362000	414
20220911 234737	-0.99512391396881	7029	819	30	5	15362000	415
20220911 234808	-0.999996652377728	7197	430	30	5	15362000	416
20220911 234836	-0.990004552364126	6627	1034	12	5	15362000	417
20220911 234903	-0.991239343180542	5185	183	11	5	16990000	418
20220911 234937	-0.990002668834712	5361	1260	25	5	17320000	419
20220911 235003	-0.990013465124516	7999	2330	24	5	15362000	420
20220911 235031	-0.990011408442154	7995	1109	22	5	15362000	421
20220911 235056	-0.990009937853435	4834	861	8	5	17320000	422
20220911 235136	-0.990367911692301	6454	1	30	5	14496000	423
20220911 235156	-0.99099501289936	6265	1441	3	5	15224000	424
20220911 235221	-0.994370925494281	6850	2259	8	5	15362000	425
20220911 235246	-0.990010894463336	5956	287	7	5	17230000	426
20220911 235312	-0.999998127656066	3380	783	8	5	18940000	427
20220911 235347	-0.996303131437339	5556	1	19	5	15148000	428
20220911 235418	-0.998417959763889	3399	471	29	5	19084000	429
20220911 235448	-0.999996579132335	3382	1110	21	5	18280000	430
20220911 235521	-0.999996601755037	1968	275	19	5	19554000	431
20220911 235548	-0.991796633991248	694	187	8	5	21768000	432
20220911 235617	-0.996439485673775	6377	1028	20	5	16814000	433
20220911 235649	-0.993949310963464	6412	507	17	5	16108000	434
20220911 235713	-0.990226923719977	5353	1724	7	5	17320000	435
20220911 235745	-0.998227734851077	8000	264	18	5	15148000	436
20220911 235816	-0.998018016964729	2382	473	30	5	19378000	437
20220911 235836	-0.993993415815572	4107	183	3	5	15224000	438
20220911 235857	-0.994807220016973	7261	1	3	5	15224000	439
20220911 235924	-0.990111582079033	718	234	8	5	21548000	440
20220912 000003	-0.996259997678268	1453	478	17	5	19934000	441
20220912 000040	-0.998447027920157	2937	259	24	5	18492000	442
20220912 000110	-0.993849613619144	934	176	9	5	21064000	443
20220912 000143	-0.990013974306979	1992	655	19	5	18702000	444
20220912 000216	-0.993877672787607	2921	963	14	5	17992000	445
20220912 000252	-0.991258752459324	1046	342	30	5	19432000	446
20220912 000325	-0.992045551475996	2849	936	28	5	17784000	447
20220912 000355	-0.991227462065129	3723	1226	19	5	17802000	448
20220912 000424	-0.999139980275593	774	253	8	5	21462000	449
20220912 000453	-0.991689685569255	585	182	8	5	21824000	450
20220912 000521	-0.990802291351374	802	181	8	5	21718000	451
20220912 000559	-0.996014371208204	1659	546	13	5	19020000	452
20220912 000634	-0.994741933915973	1041	327	28	5	19720000	453
20220912 000703	-0.99001028170904	553	182	8	5	21870000	454
20220912 000739	-0.99726292079592	1249	410	30	5	18686000	455
20220912 000808	-0.993316412227643	1162	168	8	5	20182000	456
20220912 000837	-0.995698933307404	710	210	8	5	21696000	457
20220912 000908	-0.99507648983859	4733	566	12	5	17130000	458
20220912 000940	-0.993656294877488	3762	194	13	5	18058000	459
20220912 001018	-0.991008744109654	2232	733	14	5	18612000	460
20220912 001041	-0.997342387272014	3512	160	3	5	15224000	461
20220912 001118	-0.996326806816547	873	288	20	5	20204000	462
20220912 001200	-0.997103943253661	73	22	22	5	12650000	463
20220912 001237	-0.996340829210582	1043	241	25	5	18950000	464
20220912 001313	-0.99745922061334	973	320	17	5	19436000	465
20220912 001342	-0.998190904187308	5810	1133	10	5	17320000	466
20220912 001412	-0.998370838988378	6214	1317	30	5	17320000	467
20220912 001439	-0.99929582264656	3705	1130	8	5	18216000	468
20220912 001508	-0.996657444857805	6760	1792	10	5	15362000	469
20220912 001550	-0.992783538635875	5635	2	30	5	14966000	470
20220912 001622	-0.994320506778364	3852	805	25	5	18388000	471
20220912 001648	-0.998526702814416	7920	104	6	5	15066000	472
20220912 001715	-0.99614878832415	4845	783	7	5	17320000	473
20220912 001743	-0.992836282428471	7998	4	9	5	14894000	474
20220912 001815	-0.997635081820167	7999	670	30	5	15362000	475
20220912 001844	-0.993848328858888	7999	1775	24	5	15362000	476
20220912 001917	-0.991997098405383	6237	491	24	5	17320000	477
20220912 001945	-0.995066699683934	3718	1218	8	5	17806000	478
20220912 002022	-0.997725556803194	5767	900	26	5	17320000	479
20220912 002052	-0.993807098607003	5298	1744	11	5	17320000	480
20220912 002123	-0.991153713697991	5482	795	26	5	17320000	481
20220912 002145	-0.997236028188666	5827	1087	3	5	15224000	482
20220912 002214	-0.990817620432309	3509	1156	8	5	18078000	483
20220912 002244	-0.991324451612069	7934	2618	21	5	15362000	484
20220912 002315	-0.99306365103511	3832	1250	30	5	17686000	485
20220912 002337	-0.998278387821832	7999	1660	3	5	15224000	486
20220912 002409	-0.992764947880135	4016	1320	13	5	17686000	487
20220912 002439	-0.992564600654905	6069	1297	24	5	17320000	488
20220912 002509	-0.997921925250297	4093	792	11	5	18326000	489
20220912 002548	-0.999999547546422	2348	123	30	5	18978000	490
20220912 002618	-0.992535930022749	6722	2218	23	5	15362000	491
20220912 002650	-0.993002300657521	3246	572	12	5	18642000	492
20220912 002723	-0.99696115992686	3386	1116	28	5	18280000	493
20220912 002753	-0.997350443329498	3871	1270	12	5	17686000	494
20220912 002829	-0.990876077659667	3783	397	30	5	18298000	495
20220912 002905	-0.993244128626027	2347	252	30	5	19144000	496
20220912 002937	-0.999411817433035	5558	922	18	5	17320000	497
20220912 003007	-0.990558655019628	4516	1490	11	5	17138000	498
20220912 003050	-0.99798705236325	1878	227	28	5	19556000	499
20220912 003118	-0.99170764524335	3172	688	8	5	18034000	500
20220912 003153	-0.996705383781774	3248	315	28	5	18990000	501
20220912 003227	-0.994031316574231	3240	500	30	5	19258000	502
20220912 003259	-0.994861972825878	5586	1105	18	5	17320000	503
20220912 003328	-0.990022191446633	128	42	8	5	19808000	504
20220912 003402	-0.997356484445038	5935	502	16	5	17320000	505
20220912 003430	-0.993571676148047	6039	1243	7	5	17320000	506
20220912 003504	-0.992773590101823	1853	605	15	5	18640000	507
20220912 003538	-0.992704780055214	3680	677	20	5	18388000	508
20220912 003623	-0.99429475004186	3217	1	28	5	15972000	509
20220912 003659	-0.99134985035047	3673	192	18	5	18058000	510
20220912 003737	-0.990000646671021	1842	254	29	5	19852000	511
20220912 003816	-0.995092428503396	7367	1	23	5	14384000	512
20220912 003847	-0.995453494430138	5975	1903	20	5	17320000	513
20220912 003917	-0.995124204489177	7990	2630	23	5	15362000	514
20220912 003944	-0.992573358671118	7419	2448	3	5	15224000	515
20220912 004018	-0.997637262463324	815	187	8	5	21680000	516
20220912 004056	-0.994039949157194	7494	2473	30	5	15362000	517
20220912 004132	-0.990005392673619	7459	356	30	5	15272000	518
20220912 004206	-0.999834497111935	862	184	8	5	21758000	519
20220912 004246	-0.997874857577048	739	220	28	5	19934000	520
20220912 004320	-0.999601242955728	3966	851	21	5	18388000	521
20220912 004349	-0.999991145363409	2119	171	7	5	19704000	522
20220912 004418	-0.99999840874852	4560	181	8	5	16922000	523
20220912 004441	-0.99000589235874	6931	4	3	5	15224000	524
20220912 004518	-0.992335351193157	4485	291	30	5	17040000	525
20220912 004557	-0.999997429983425	7581	5	21	5	14446000	526
20220912 004625	-0.990003910814489	7661	1999	7	5	15362000	527
20220912 004704	-0.990002020927925	5133	523	30	5	17320000	528
20220912 004741	-0.992195608479329	7108	195	30	5	15154000	529
20220912 004819	-0.999904535057954	2118	333	30	5	19180000	530
20220912 004856	-0.999977831432173	3221	319	30	5	18990000	531
20220912 004920	-0.999181865134607	7608	2196	3	5	15224000	532
20220912 005001	-0.999981549103233	522	170	27	5	19388000	533
20220912 005027	-0.997468362984087	6550	220	5	5	15154000	534
20220912 005059	-0.999993466661531	5670	6	3	5	15224000	535
20220912 005131	-0.998719640462594	3166	342	7	5	18478000	536
20220912 005158	-0.992306971509202	5395	497	5	5	17320000	537
20220912 005229	-0.999733232721153	5755	1705	30	5	17320000	538
20220912 005300	-0.990003246008506	2868	212	8	5	18484000	539
20220912 005328	-0.999912043289958	4414	1455	6	5	17138000	540
20220912 005406	-0.999927285754331	2571	192	21	5	18746000	541
20220912 005433	-0.995838341996422	7394	1499	6	5	15362000	542
20220912 005518	-0.997113883747033	4605	3	30	5	15908000	543
20220912 005549	-0.993878116335208	6220	1744	30	5	17320000	544
20220912 005623	-0.990839293267354	1144	180	11	5	19810000	545
20220912 005657	-0.999999593045888	3052	168	13	5	18338000	546
20220912 005733	-0.990058755643375	3701	621	15	5	18388000	547
20220912 005812	-0.995282407387509	772	182	21	5	20530000	548
20220912 005840	-0.9909907138388	5298	628	6	5	17320000	549
20220912 005912	-0.999011039788345	8000	1208	11	5	15362000	550
20220912 005945	-0.994078435585557	3683	1215	19	5	17806000	551
20220912 010016	-0.993859663140121	894	271	8	5	21668000	552
20220912 010046	-0.992459899408732	5337	1439	8	5	17320000	553
20220912 010118	-0.992718192018449	6636	921	3	5	15224000	554
20220912 010152	-0.998755005241856	6776	956	22	5	15362000	555
20220912 010225	-0.997861867007628	4015	1321	30	5	17686000	556
20220912 010255	-0.998425165910275	5969	1968	7	5	17320000	557
20220912 010329	-0.997110716110227	4820	1069	21	5	17130000	558
20220912 010359	-0.998700931200039	5132	804	7	5	17320000	559
20220912 010440	-0.999658465108321	577	190	30	5	20318000	560
20220912 010506	-0.993429046684651	7999	1648	3	5	15224000	561
20220912 010538	-0.997991010589239	6147	2027	30	5	17320000	562
20220912 010609	-0.99464266372176	5942	669	8	5	17320000	563
20220912 010641	-0.990019660107223	5679	1874	13	5	17320000	564
20220912 010717	-0.993455377111742	6246	571	28	5	17320000	565
20220912 010750	-0.992485180154043	6410	539	12	5	16108000	566
20220912 010822	-0.999593386860311	769	147	8	5	21262000	567
20220912 010857	-0.99996767230229	2386	785	14	5	18090000	568
20220912 010928	-0.995660007836672	3251	474	8	5	19228000	569
20220912 011000	-0.99991989799556	599	194	8	5	21672000	570
20220912 011032	-0.996896491538547	752	186	8	5	21770000	571
20220912 011105	-0.998228731378017	737	213	8	5	21398000	572
20220912 011147	-0.990933860302458	5479	1807	21	5	17320000	573
20220912 011223	-0.995810474137582	2816	928	20	5	17736000	574
20220912 011255	-0.997749446885724	8000	1906	14	5	15362000	575
20220912 011329	-0.999176988315325	3375	1107	27	5	18268000	576
20220912 011406	-0.99427080205779	7999	552	24	5	15362000	577
20220912 011436	-0.994919045606238	5218	1718	7	5	17320000	578
20220912 011503	-0.992558860772813	3244	1062	3	5	15224000	579
20220912 011537	-0.993324657396898	5634	1310	19	5	17320000	580
20220912 011613	-0.990880141650142	3392	1114	27	5	18280000	581
20220912 011649	-0.993674581869093	4207	659	30	5	17086000	582
20220912 011724	-0.994415593673973	6037	1227	27	5	17320000	583
20220912 011757	-0.992734267559489	7998	2627	13	5	15362000	584
20220912 011831	-0.992927386096068	8000	1898	30	5	15362000	585
20220912 011909	-0.992111886405844	2097	680	24	5	18650000	586
20220912 011949	-0.990003429644664	5312	262	20	5	16958000	587
20220912 012022	-0.999084165461007	7999	1803	25	5	15362000	588
20220912 012100	-0.997347777510378	3544	462	15	5	18558000	589
20220912 012141	-0.990762252049454	3305	247	23	5	18730000	590
20220912 012222	-0.99913268010434	6392	459	12	5	16814000	591
20220912 012301	-0.990004873670553	7993	280	17	5	15272000	592
20220912 012335	-0.999328008357153	816	196	8	5	21676000	593
20220912 012409	-0.997498456215903	700	181	8	5	21806000	594
20220912 012447	-0.995026238299255	5800	478	25	5	17320000	595
20220912 012526	-0.996801777151375	5405	505	27	5	17320000	596
20220912 012602	-0.991379252305166	8000	784	15	5	15362000	597
20220912 012640	-0.9970161989731	2235	737	27	5	18612000	598
20220912 012723	-0.998776173077623	557	183	30	5	20072000	599
20220912 012805	-0.990725552409891	883	227	28	5	20424000	600
20220912 012847	-0.992204409006934	911	246	24	5	20288000	601
20220912 012923	-0.994516874115271	3341	1102	29	5	18266000	602
20220912 012954	-0.995513956240766	7999	599	6	5	15362000	603
20220912 013028	-0.998098506459849	5399	1781	20	5	17320000	604
20220912 013100	-0.992729957900162	3413	187	7	5	18914000	605
20220912 013138	-0.997016419088955	7993	2	15	5	14726000	606
20220912 013218	-0.998148501792374	6269	300	30	5	17230000	607
20220912 013314	-0.998270963673277	7997	2	29	5	14484000	608
20220912 013353	-0.994659045459091	5897	1944	14	5	17320000	609
20220912 013425	-0.994446228361189	5894	1462	3	5	15224000	610
20220912 013501	-0.999469404758479	5743	1894	12	5	17320000	611
20220912 013532	-0.99584754844637	1507	334	8	5	19828000	612
20220912 013604	-0.995607022120814	2690	8	7	5	18200000	613
20220912 013640	-0.996163271538763	4144	639	16	5	18326000	614
20220912 013720	-0.997917872096844	3954	309	27	5	18158000	615
20220912 013753	-0.998556618329313	2195	148	8	5	19476000	616
20220912 013826	-0.993693143828405	6164	2034	18	5	17320000	617
20220912 013902	-0.998441718659969	3623	436	12	5	18558000	618
20220912 013934	-0.997970921870326	3266	617	8	5	18642000	619
20220912 014015	-0.999055867809016	5840	244	23	5	17112000	620
20220912 014049	-0.991639867570875	903	192	8	5	21720000	621
20220912 014126	-0.992162870265425	5256	755	19	5	17320000	622
20220912 014200	-0.998404929550943	5976	1529	15	5	17320000	623
20220912 014227	-0.991682702742436	7998	442	3	5	15224000	624
20220912 014316	-0.992861972008289	3903	1	18	5	16208000	625
20220912 014356	-0.991646411406067	1684	266	21	5	20202000	626
20220912 014423	-0.99541405276713	7977	2632	3	5	15224000	627
20220912 014501	-0.992196058822163	3450	640	30	5	18642000	628
20220912 014536	-0.995792799213094	7197	2371	16	5	15362000	629
20220912 014614	-0.993459746027261	3261	560	26	5	18656000	630
20220912 014654	-0.993283863307266	6965	184	23	5	15154000	631
20220912 014733	-0.991324515778101	8000	387	26	5	15272000	632
20220912 014808	-0.991292613281224	909	95	8	5	21292000	633
20220912 014843	-0.990468769108684	5952	1964	27	5	17320000	634
20220912 014919	-0.992181289078807	6023	1367	15	5	17320000	635
20220912 014955	-0.999999133794298	5032	1659	26	5	17320000	636
20220912 015033	-0.995497329178629	6607	819	14	5	15362000	637
20220912 015117	-0.995066592381163	1549	285	30	5	20332000	638
20220912 015158	-0.995428831400793	2539	321	30	5	18666000	639
20220912 015241	-0.992187692891175	789	257	30	5	19844000	640
20220912 015334	-0.990003278291137	790	257	24	5	19844000	641
20220912 015414	-0.999688978597501	1835	185	14	5	19956000	642
20220912 015451	-0.991272086524334	5839	387	17	5	17230000	643
20220912 015525	-0.996255624464633	3295	187	8	5	18970000	644
20220912 015603	-0.996599473682125	7999	1172	28	5	15362000	645
20220912 015640	-0.994125396062505	5646	1863	24	5	17320000	646
20220912 015721	-0.997968362412245	4841	166	17	5	17028000	647
20220912 015756	-0.994363478295006	8000	2639	14	5	15438000	648
20220912 015824	-0.998239504149643	7998	758	3	5	15224000	649
20220912 015904	-0.999370988177989	3853	561	30	5	18388000	650
20220912 015940	-0.994033833307865	7999	1260	30	5	15362000	651
20220912 020017	-0.990450795869572	3510	922	21	5	18724000	652
20220912 020113	-0.996092575079526	3629	927	27	5	18604000	653
20220912 020150	-0.995599373867915	4509	1122	23	5	17130000	654
20220912 020229	-0.99915274539977	5539	1390	27	5	17320000	655
20220912 020300	-0.997956861526985	4765	1572	3	5	15224000	656
20220912 020340	-0.996725276527697	7998	2143	3	5	15224000	657
20220912 020414	-0.993476384509948	5642	387	7	5	17230000	658
20220912 020449	-0.992726038855836	3867	900	8	5	18388000	659
20220912 020533	-0.995072535781427	1502	180	20	5	19914000	660
20220912 020603	-0.991278109292509	7999	2022	3	5	15224000	661
20220912 020639	-0.998126863938743	8000	1635	30	5	15362000	662
20220912 020723	-0.992763937007203	1614	263	19	5	19794000	663
20220912 020800	-0.996141634822702	7998	1980	23	5	15362000	664
20220912 020843	-0.99164000469295	3276	552	22	5	18646000	665
20220912 020921	-0.99550377828347	3676	186	12	5	18058000	666
20220912 021003	-0.996507935372493	2153	475	23	5	19268000	667
20220912 021040	-0.997047477680282	5754	2	10	5	15624000	668
20220912 021119	-0.995082256664565	7998	1061	21	5	15362000	669
20220912 021159	-0.999334708679652	3150	1037	18	5	17816000	670
20220912 021240	-0.998613016073298	2105	688	23	5	18344000	671
20220912 021317	-0.996239238557311	3311	1088	10	5	18266000	672
20220912 021357	-0.991561566273711	4906	1096	3	5	15224000	673
20220912 021438	-0.994548161006245	5494	186	15	5	16990000	674
20220912 021518	-0.991576843701727	3472	1145	13	5	17838000	675
20220912 021558	-0.999701359482308	3774	593	11	5	18388000	676
20220912 021637	-0.997886753374542	6129	1574	25	5	17320000	677
20220912 021720	-0.993098863147717	900	296	13	5	19950000	678
20220912 021803	-0.993944108234135	1649	185	14	5	19976000	679
20220912 021832	-0.991811815884917	3578	2	3	5	15224000	680
20220912 021907	-0.993316666960876	3073	438	8	5	18568000	681
20220912 021943	-0.995922879233227	6439	1408	30	5	16108000	682
20220912 022026	-0.995295555321119	8000	230	30	5	15154000	683
20220912 022104	-0.995802847061883	4693	1547	10	5	17138000	684
20220912 022154	-0.995298131413498	5339	4	30	5	14956000	685
20220912 022232	-0.993544663041246	7998	2049	11	5	15362000	686
20220912 022315	-0.999996330571557	3486	538	26	5	18864000	687
20220912 022354	-0.998113754222623	7194	2374	23	5	15362000	688
20220912 022442	-0.991476467736136	7997	2172	27	5	15362000	689
20220912 022519	-0.990679750567837	3814	309	8	5	18158000	690
20220912 022600	-0.990001954781081	5792	844	18	5	17320000	691
20220912 022642	-0.999666281669133	2873	625	29	5	18012000	692
20220912 022727	-0.996223327394732	3824	342	30	5	18298000	693
20220912 022808	-0.997722146811614	3632	785	30	5	18604000	694
20220912 022855	-0.991719381007708	822	263	26	5	20082000	695
20220912 022942	-0.99212054830669	962	155	28	5	20970000	696
20220912 023027	-0.993834285342427	1329	351	30	5	19566000	697
20220912 023113	-0.990001655770287	1008	303	28	5	20018000	698
20220912 023158	-0.990001324694137	1698	195	15	5	19972000	699
20220912 023242	-0.990274635313787	935	251	14	5	20180000	700
20220912 023328	-0.99150972657365	959	2	14	5	20652000	701
20220912 023415	-0.991531848425957	1870	83	17	5	18762000	702
20220912 023512	-0.993456232677977	822	176	27	5	20684000	703
20220912 190306	-0.991814967237181	1338	191	14	5	20194000	703
20220912 190353	-0.995660773888945	2087	687	8	5	18344000	704
20220912 190432	-0.991700221405674	908	3	8	5	20928000	705
20220912 190521	-0.993456232677977	822	176	27	5	20684000	706
20220912 190602	-0.992780778696682	874	184	8	5	21758000	707
20220912 190634	-0.999998988203101	7999	520	8	5	15362000	708
20220912 190708	-0.990834655883819	2368	480	9	5	19376000	709
20220912 190753	-0.992475711390577	910	99	21	5	19116000	710
20220912 190841	-0.991224338715806	878	160	27	5	20780000	711
20220912 190918	-0.990766143685534	2054	225	8	5	19610000	712
20220912 190958	-0.998396051869281	603	198	8	5	21610000	713
20220912 191038	-0.993125646808982	863	187	8	5	21602000	714
20220912 191118	-0.993952544748836	873	195	8	5	21628000	715
20220912 191157	-0.993759007488371	1853	605	8	5	18640000	716
20220912 191242	-0.992344173154549	3754	1237	26	5	17686000	717
20220912 191325	-0.99000241243203	3583	1181	30	5	17818000	718
20220912 191419	-0.994022556557921	5649	980	11	5	17320000	719
20220912 191500	-0.999911565954123	793	196	8	5	21676000	720
20220912 191536	-0.999995247379236	7999	2304	15	5	15362000	721
20220912 191628	-0.999988640898143	3642	2	30	5	15756000	722
20220912 191705	-0.991057491948817	5021	1189	30	5	17320000	723
20220912 191746	-0.99074843466866	2161	481	21	5	19240000	724
20220912 191836	-0.995051769382222	1927	171	29	5	19634000	725
20220912 191926	-0.994503398564141	2080	682	30	5	18650000	726
20220912 192015	-0.998985118900655	5926	778	30	5	17320000	727
20220912 192059	-0.994224687954756	2902	505	23	5	18922000	728
20220912 192136	-0.995049014097699	3979	563	5	5	18388000	729
20220912 192208	-0.997056857004114	1919	630	3	5	15224000	730
20220912 192301	-0.99999467822019	879	142	30	5	20174000	731
20220912 192343	-0.997000900246292	7997	2232	30	5	15362000	732
20220912 192434	-0.992190617777889	5681	2	14	5	15372000	733
20220912 192523	-0.998330933661188	877	277	27	5	20368000	734
20220912 192605	-0.992165607640954	6286	2074	30	5	16814000	735
