fecha	cp	minsplit	minbucket	maxdepth	xval_folds	ganancia	iteracion
20220911 002456	-0.994271752258355	651	157	8	5	21318000	1
20220911 002544	-0.992923204166145	539	262	8	5	21444000	2
20220911 002601	-0.998795800062217	872	354	7	5	20382000	3
20220911 002618	-0.997372934071318	1492	581	7	5	19418000	4
20220911 002636	-0.996201820700662	611	64	8	5	20966000	5
20220911 002653	-0.994496499917877	1055	520	7	5	19964000	6
20220911 002711	-0.992076654955745	823	226	8	5	21576000	7
20220911 002729	-0.999702624860511	1191	124	8	5	20716000	8
20220911 002746	-0.998137336566288	957	398	7	5	19948000	9
20220911 002809	-0.990856984712154	1365	46	7	5	18988000	10
20220911 002827	-0.999284890017339	1184	111	8	5	21122000	11
20220911 002844	-0.997453320794739	929	98	7	5	19798000	12
20220911 002902	-0.996698415088933	179	73	8	5	20678000	13
20220911 002930	-0.991033342245035	882	430	7	5	20008000	14
20220911 002947	-0.994787861175369	1470	198	7	5	20010000	15
20220911 003004	-0.992679781732149	1384	472	7	5	19864000	16
20220911 003022	-0.998060992584797	744	265	8	5	21646000	17
20220911 003042	-0.997840968332801	933	243	8	5	21252000	18
20220911 003102	-0.999658852146734	766	283	8	5	21664000	19
20220911 003121	-0.997518850960353	1492	275	8	5	20272000	20
20220911 003143	-0.998971720152962	602	301	8	5	21048000	21
20220911 003202	-0.998897483569503	776	199	8	5	21672000	22
20220911 003222	-0.993099654965948	758	287	8	5	21594000	23
20220911 003243	-0.999202333389853	813	406	8	5	19922000	24
20220911 003303	-0.994188798038204	744	222	8	5	21516000	25
20220911 003323	-0.997967905346714	1069	53	8	5	20494000	26
20220911 003343	-0.99000077559908	728	198	8	5	21712000	27
20220911 003403	-0.99990090886794	540	270	8	5	21326000	28
20220911 003423	-0.991044308154027	690	242	8	5	21546000	29
20220911 003443	-0.992410741993693	817	196	8	5	21676000	30
20220911 003503	-0.999519421826422	739	243	8	5	21508000	31
20220911 003523	-0.990017646270222	792	270	8	5	21654000	32
20220911 003544	-0.991519005802235	771	106	8	5	21022000	33
20220911 003608	-0.990115346459621	787	204	8	5	21662000	34
20220911 003628	-0.998475430851936	593	187	8	5	21662000	35
20220911 003649	-0.991671036136986	605	195	8	5	21704000	36
20220911 003709	-0.991758035982046	692	190	8	5	21768000	37
20220911 003729	-0.990372625276863	642	180	8	5	21692000	38
20220911 003749	-0.990632502787534	379	187	8	5	21714000	39
20220911 003808	-0.991269122783711	760	276	7	5	20794000	40
20220911 003828	-0.99999669474058	700	98	8	5	20934000	41
20220911 003848	-0.990441256090919	490	187	8	5	21650000	42
20220911 003910	-0.994095942887074	350	175	8	5	20834000	43
20220911 003930	-0.991327692108849	409	204	8	5	21194000	44
20220911 003950	-0.992689496030382	662	196	8	5	21704000	45
20220911 004011	-0.990003064041413	338	168	8	5	20802000	46
20220911 004031	-0.998154242507823	546	140	8	5	21178000	47
20220911 004051	-0.998033533414364	762	122	8	5	21164000	48
20220911 004111	-0.99069972092076	1307	185	8	5	20376000	49
20220911 004131	-0.992029789521907	1159	2	8	5	19656000	50
20220911 004151	-0.99238534284407	704	241	8	5	21546000	51
20220911 004211	-0.991186202269801	587	193	8	5	21674000	52
20220911 004230	-0.990011208756001	380	188	7	5	20842000	53
20220911 004251	-0.990036894544222	675	96	8	5	21122000	54
20220911 004310	-0.999994910014286	1141	287	8	5	20136000	55
20220911 004330	-0.991795433079669	650	204	8	5	21598000	56
20220911 004350	-0.990006434722598	380	15	8	5	20698000	57
20220911 004410	-0.99400084874876	694	276	8	5	21518000	58
20220911 004430	-0.990963740902842	628	188	8	5	21652000	59
20220911 004449	-0.994740960036907	596	181	7	5	20908000	60
20220911 004509	-0.993429321916096	739	179	8	5	21628000	61
20220911 004530	-0.990202291836117	693	157	8	5	21380000	62
20220911 004550	-0.990373488347299	598	257	8	5	21454000	63
20220911 004615	-0.996547966212251	821	275	8	5	21652000	64
20220911 004635	-0.998324167299517	699	194	8	5	21766000	65
20220911 004655	-0.991819630437882	804	253	8	5	21462000	66
20220911 004715	-0.99983424413307	691	181	8	5	21806000	67
20220911 004735	-0.999956958688407	886	207	8	5	21610000	68
20220911 004755	-0.996992333293817	689	181	8	5	21806000	69
20220911 004815	-0.998412396702718	693	182	8	5	21928000	70
20220911 004835	-0.998631487433198	849	183	8	5	21794000	71
20220911 004856	-0.9984971291114	724	183	8	5	21924000	72
20220911 004916	-0.998534960317985	712	174	8	5	21536000	73
20220911 004936	-0.99017901415798	1500	750	8	5	17922000	74
20220911 004957	-0.990070198551531	1046	523	8	5	19934000	75
20220911 005017	-0.994961347882903	1500	750	7	5	18080000	76
20220911 005037	-0.999988381916002	1481	603	8	5	18758000	77
20220911 005058	-0.990296606482093	290	145	7	5	20892000	78
20220911 005118	-0.990073260349851	1497	318	7	5	19868000	79
20220911 005139	-0.990117301840406	1356	89	8	5	20310000	80
20220911 005158	-0.995512368492766	545	234	7	5	20756000	81
20220911 005219	-0.990007281499351	696	348	8	5	20806000	82
20220911 005239	-0.990017424222214	1498	456	8	5	19732000	83
20220911 005259	-0.99998308796461	586	291	7	5	20802000	84
20220911 005320	-0.990017776647279	107	52	8	5	19550000	85
20220911 005340	-0.996883982289045	642	284	8	5	21620000	86
20220911 005400	-0.990006339578599	1314	653	7	5	18326000	87
20220911 005420	-0.990017401357198	668	314	8	5	21358000	88
20220911 005439	-0.999952523006211	2	1	7	5	18784000	89
20220911 005500	-0.99997914911268	1014	258	7	5	20250000	90
20220911 005520	-0.999991985562148	2	1	8	5	18738000	91
20220911 005541	-0.9999951548141	306	153	7	5	20966000	92
20220911 005601	-0.999983979899004	980	490	8	5	20368000	93
20220911 005626	-0.990004259648733	1331	665	8	5	18208000	94
20220911 005645	-0.990213401214826	1497	158	7	5	19744000	95
20220911 005705	-0.99000108992341	744	372	7	5	20110000	96
20220911 005724	-0.999982948606907	410	205	7	5	20552000	97
20220911 005745	-0.999994647656534	1488	543	8	5	19654000	98
20220911 005805	-0.998453017505257	788	153	8	5	21378000	99
20220911 005826	-0.990001963278849	702	141	8	5	21212000	100
20220911 005846	-0.990007871572939	777	384	8	5	20042000	101
20220911 005907	-0.998653178422013	767	216	8	5	21460000	102
20220911 005928	-0.999966867415487	724	361	8	5	19916000	103
20220911 005947	-0.999440678336449	252	126	7	5	20102000	104
20220911 010008	-0.99001875201543	695	297	8	5	21224000	105
20220911 010029	-0.993171840881753	663	328	8	5	21076000	106
20220911 010048	-0.999994895367354	906	451	7	5	19526000	107
20220911 010108	-0.990023681495912	163	81	7	5	20372000	108
20220911 010127	-0.990003130644637	1446	549	7	5	19554000	109
20220911 010147	-0.99013203726356	502	249	7	5	20858000	110
20220911 010207	-0.999995757509539	131	65	7	5	19292000	111
20220911 010228	-0.990000969383094	1146	572	8	5	19264000	112
20220911 010249	-0.999845567052227	894	445	8	5	19830000	113
20220911 010308	-0.999993717825103	1423	694	7	5	18060000	114
20220911 010328	-0.999449555234013	649	323	7	5	20542000	115
20220911 010348	-0.990023226613409	440	219	7	5	20478000	116
20220911 010409	-0.990046401569595	894	320	8	5	20956000	117
20220911 010429	-0.999995311792682	1500	706	8	5	17952000	118
20220911 010449	-0.999988089420376	1399	498	7	5	20192000	119
