fecha	cp	minsplit	minbucket	maxdepth	xval_folds	ganancia	iteracion
20220911 012857	-0.998105219506688	3376	1051	10	5	18454000	1
20220911 012934	-0.993392803026363	4376	622	9	5	17468000	2
20220911 013013	-0.996858628786431	1675	68	9	5	18972000	3
20220911 013048	-0.994749618767964	6533	2943	9	5	15470000	4
20220911 013126	-0.995801959555101	4955	1932	10	5	17320000	5
20220911 013204	-0.999027484463586	7831	324	9	5	15272000	6
20220911 013242	-0.990035165838344	5097	2288	10	5	17320000	7
20220911 013319	-0.990976906677533	7111	833	9	5	15362000	8
20220911 013356	-0.999914379880938	5993	2614	9	5	17226000	9
20220911 013433	-0.991591774549867	6110	2619	9	5	17226000	10
20220911 013512	-0.997398822926584	5357	1838	10	5	17320000	11
20220911 013549	-0.995806511890343	7071	1086	9	5	15362000	12
20220911 013630	-0.995063903183743	2366	349	10	5	19052000	13
20220911 013708	-0.990516524072071	3966	1380	9	5	17712000	14
20220911 013745	-0.995557508337079	5828	2484	9	5	17226000	15
20220911 013823	-0.995291401238646	5321	2125	9	5	17320000	16
20220911 013903	-0.997766622355588	2265	518	9	5	19664000	17
20220911 013942	-0.99999007754821	2545	7	9	5	18076000	18
20220911 014021	-0.99484480481601	2134	1033	9	5	17522000	19
20220911 014100	-0.998369429390899	1768	435	9	5	19816000	20
20220911 014140	-0.99341739417258	1872	424	9	5	19372000	21
20220911 014221	-0.99998638410798	1783	528	10	5	19762000	22
20220911 014302	-0.998544667559253	993	496	9	5	20284000	23
20220911 014343	-0.999824773405318	1079	538	9	5	19692000	24
20220911 014426	-0.997866800162104	903	450	10	5	18884000	25
20220911 014507	-0.996947713108496	856	428	9	5	19026000	26
20220911 014548	-0.998349719921408	2032	298	10	5	19550000	27
20220911 014629	-0.998414858505449	1212	600	9	5	18758000	28
20220911 014709	-0.999092439571497	936	67	9	5	20436000	29
20220911 014750	-0.999182784547755	890	435	9	5	20338000	30
20220911 014829	-0.999827732601109	1897	3	9	5	18156000	31
20220911 014911	-0.998242373017947	1776	883	10	5	18012000	32
20220911 014953	-0.999995145043637	2204	223	10	5	19216000	33
20220911 015033	-0.998575439311882	865	11	9	5	20682000	34
20220911 015114	-0.998571712861484	667	56	9	5	20530000	35
20220911 015155	-0.998655772993744	792	121	9	5	19646000	36
20220911 015235	-0.999294997743556	4582	497	10	5	17130000	37
20220911 015315	-0.99032985240662	1011	1	9	5	19644000	38
20220911 015356	-0.999256635897737	10	1	9	5	18792000	39
20220911 015436	-0.998510012810336	1831	5	9	5	18302000	40
20220911 015516	-0.998587605875421	1345	356	9	5	19692000	41
20220911 015556	-0.999142769266071	1707	267	9	5	20062000	42
20220911 015637	-0.999108380568812	764	377	9	5	20148000	43
20220911 015717	-0.998596357842776	163	1	9	5	19172000	44
20220911 015757	-0.998571226396518	2523	9	9	5	18042000	45
20220911 015837	-0.999115063459261	1555	49	9	5	18782000	46
20220911 015917	-0.999088796598923	1460	462	9	5	19732000	47
20220911 015957	-0.999164831605405	1432	364	9	5	19442000	48
20220911 020034	-0.99914052188303	7646	222	9	5	15154000	49
20220911 020115	-0.99913734911312	990	474	9	5	20218000	50
20220911 020156	-0.999200700832028	941	467	9	5	19280000	51
20220911 020237	-0.998579266458609	773	202	9	5	20512000	52
20220911 020318	-0.999094382801129	458	195	9	5	20176000	53
20220911 020359	-0.999078698119301	1171	21	9	5	20022000	54
20220911 020440	-0.998573487903267	978	463	9	5	19502000	55
20220911 020520	-0.999183973552886	1231	21	9	5	19506000	56
20220911 020601	-0.998548958568143	644	144	9	5	19998000	57
20220911 020640	-0.999184803468531	2106	793	9	5	18140000	58
20220911 020721	-0.998528492582414	1545	753	9	5	18060000	59
20220911 020759	-0.998382449249518	4077	419	9	5	18236000	60
20220911 020841	-0.9985790403719	428	66	9	5	20500000	61
20220911 020922	-0.998353368038037	1566	768	9	5	17870000	62
20220911 021004	-0.99837244933764	431	94	9	5	19990000	63
20220911 021044	-0.998387977244513	886	263	9	5	20720000	64
20220911 021125	-0.998394653339276	1419	82	9	5	19540000	65
20220911 021203	-0.999815518198654	1933	957	9	5	17736000	66
20220911 021244	-0.998383330246192	800	375	9	5	20094000	67
20220911 021326	-0.998389833293284	503	224	9	5	20512000	68
20220911 021406	-0.998376887373679	1165	243	9	5	19588000	69
20220911 021445	-0.998391308270923	1591	578	9	5	18776000	70
20220911 021524	-0.999106373992524	1818	737	9	5	18298000	71
20220911 021605	-0.999145570365764	616	308	9	5	20940000	72
20220911 021645	-0.999086284564813	2743	24	9	5	18602000	73
20220911 021724	-0.998361596263927	2240	16	9	5	18550000	74
20220911 021805	-0.999982766627669	4976	515	10	5	17320000	75
20220911 021846	-0.999143854705297	905	379	9	5	19808000	76
20220911 021926	-0.999767037227889	4885	1331	10	5	17320000	77
20220911 022005	-0.991825199280453	5034	1081	10	5	17320000	78
20220911 022050	-0.999225636579602	226	37	10	5	18226000	79
20220911 022128	-0.999088795679716	6280	1295	9	5	16814000	80
20220911 022207	-0.9993475672502	6843	1285	10	5	15362000	81
20220911 022248	-0.99914811654436	650	86	9	5	20422000	82
20220911 022329	-0.999134472969546	524	249	9	5	20532000	83
20220911 022411	-0.999146648919217	507	227	9	5	20424000	84
20220911 022450	-0.992148533793648	7058	844	10	5	15362000	85
20220911 022529	-0.999149719193349	2809	344	9	5	18502000	86
20220911 022609	-0.999145936943944	2205	52	9	5	18782000	87
20220911 022649	-0.999136937274457	1897	257	9	5	19404000	88
20220911 022730	-0.998386129666781	971	68	9	5	19966000	89
20220911 022810	-0.999139888438094	568	261	9	5	20424000	90
20220911 022850	-0.997073388273294	5174	1608	10	5	17320000	91
20220911 022929	-0.99884674033536	5676	2652	10	5	17298000	92
20220911 023006	-0.991730690648601	7708	3827	10	5	16352000	93
20220911 023043	-0.993751304602401	7655	3073	9	5	15736000	94
20220911 023121	-0.999136936491067	7889	2785	9	5	15520000	95
20220911 023159	-0.990065118275614	7438	1226	9	5	15362000	96
20220911 023237	-0.999108381382071	3602	1601	9	5	17558000	97
20220911 023315	-0.998344703754043	4256	1720	9	5	17094000	98
20220911 023354	-0.999741648954576	5742	1707	10	5	17320000	99
20220911 023434	-0.993228237417336	4205	1786	10	5	17576000	100
20220911 023511	-0.99251659977996	6821	3384	9	5	15840000	101
20220911 023550	-0.997198957405136	2483	449	9	5	18962000	102
20220911 023627	-0.999188315596534	7797	1180	9	5	15362000	103
20220911 023706	-0.994461375396592	7287	107	10	5	15008000	104
20220911 023744	-0.995748824951565	7916	591	9	5	15362000	105
20220911 023822	-0.991601391220044	6938	479	9	5	15362000	106
20220911 023859	-0.99776662059545	6823	1224	9	5	15362000	107
20220911 023939	-0.991042522713129	3202	906	9	5	18946000	108
20220911 024017	-0.994515560345411	7572	1604	9	5	15362000	109
20220911 024056	-0.997367340505552	3379	822	9	5	18940000	110
20220911 024134	-0.99843731810952	6733	1828	10	5	15362000	111
20220911 024216	-0.997281062484565	2147	647	10	5	18696000	112
20220911 024255	-0.991942284363377	3006	992	9	5	17942000	113
20220911 024333	-0.995559976373398	3876	1430	9	5	17624000	114
20220911 024413	-0.994350435892881	5772	2804	10	5	17328000	115
20220911 024452	-0.999421970305587	2828	1161	9	5	17186000	116
20220911 024534	-0.998142425846382	1842	292	10	5	20074000	117
20220911 024613	-0.991657252237787	5998	1143	10	5	17320000	118
20220911 024652	-0.99805258034316	4772	1589	10	5	17138000	119
20220911 024729	-0.99838983230789	6903	746	9	5	15362000	120
20220911 024807	-0.999616731290264	6270	624	9	5	17320000	121
20220911 024849	-0.99237751753998	437	8	9	5	20852000	122
20220911 024927	-0.995210633650019	5711	186	9	5	17112000	123
20220911 025006	-0.993577073277469	6021	257	9	5	17110000	124
20220911 025044	-0.999878065575833	7946	2863	10	5	15472000	125
20220911 025121	-0.992605017484221	6787	2163	9	5	15362000	126
20220911 025159	-0.991386694860302	7417	1546	9	5	15362000	127
20220911 025237	-0.99855224721174	4681	1029	9	5	17130000	128
20220911 025315	-0.996048374441608	4743	2096	9	5	17098000	129
20220911 025353	-0.997198958091527	6447	2945	9	5	16216000	130
20220911 025432	-0.993494355414204	5488	90	9	5	17210000	131
20220911 025511	-0.993912891999261	4881	1810	9	5	17320000	132
20220911 025551	-0.993386428904056	4453	692	10	5	17130000	133
20220911 025628	-0.997345419974858	5976	1010	9	5	17320000	134
20220911 025707	-0.991548076614648	3594	1059	9	5	18430000	135
20220911 025745	-0.991157688254758	3587	795	9	5	18604000	136
20220911 025825	-0.99011858988644	5858	856	10	5	17320000	137
20220911 025903	-0.994617511068203	5575	2586	9	5	17226000	138
20220911 025942	-0.990201365116995	6149	2634	10	5	17302000	139
20220911 030022	-0.991468468176991	5825	355	10	5	17230000	140
20220911 030101	-0.996138646045194	7748	1473	10	5	15362000	141
20220911 030140	-0.997966955549434	4973	1995	10	5	17320000	142
20220911 030219	-0.993583520351594	7018	2206	10	5	15362000	143
20220911 030300	-0.990292827679022	4111	460	10	5	18326000	144
20220911 030342	-0.995283643088641	1594	759	10	5	17812000	145
20220911 030420	-0.997870663225442	6618	2556	10	5	15362000	146
20220911 030457	-0.997496340510666	7466	2979	10	5	15452000	147
20220911 030535	-0.992800264172898	7236	3303	10	5	15840000	148
20220911 030614	-0.996663550048687	6387	1448	10	5	16814000	149
20220911 030653	-0.994822701535565	4033	784	9	5	18388000	150
20220911 030731	-0.99968153235245	5075	208	9	5	16990000	151
20220911 030809	-0.998571713137115	6187	2288	9	5	17320000	152
20220911 030848	-0.996733876553687	7500	2117	10	5	15362000	153
20220911 030926	-0.993073470055302	6744	564	9	5	15362000	154
20220911 031004	-0.998281119134017	7308	3161	10	5	15840000	155
20220911 031042	-0.998188096186069	5395	2117	9	5	17320000	156
20220911 031125	-0.997488510657916	1074	212	10	5	19528000	157
20220911 031205	-0.9998603808898	7987	920	10	5	15362000	158
20220911 031242	-0.990951092452944	7213	2405	9	5	15362000	159
20220911 031322	-0.997957860201773	7619	492	10	5	15362000	160
20220911 031401	-0.992873545492977	4085	1708	9	5	17576000	161
20220911 031440	-0.995517810151938	4387	143	9	5	17176000	162
20220911 031518	-0.990296034050269	7517	1584	9	5	15362000	163
20220911 031556	-0.998760209846673	6328	2247	9	5	16814000	164
20220911 031634	-0.995290989545687	7459	2608	9	5	15362000	165
20220911 031714	-0.99196158865903	6636	587	10	5	15362000	166
20220911 031756	-0.993708085503363	2522	788	10	5	17698000	167
20220911 031836	-0.999214258134864	5543	684	10	5	17320000	168
20220911 031918	-0.99576662563057	1225	408	9	5	18936000	169
20220911 031956	-0.999594965806106	6832	1866	10	5	15362000	170
20220911 032037	-0.999932357448109	1974	174	9	5	19506000	171
20220911 032115	-0.997854993234656	6520	22	9	5	14762000	172
20220911 032155	-0.990460579725804	4345	1183	9	5	17468000	173
20220911 032233	-0.991373667352297	3916	998	9	5	18388000	174
20220911 032312	-0.99868495664376	6780	2802	9	5	15520000	175
20220911 032351	-0.994040054759399	7774	260	9	5	15150000	176
20220911 032432	-0.996870898952979	2807	1266	10	5	17464000	177
20220911 032512	-0.991325182935524	1802	750	9	5	18060000	178
20220911 032550	-0.992738587598456	4481	1788	9	5	17138000	179
20220911 032631	-0.993185052250835	3146	1106	10	5	18268000	180
20220911 032714	-0.9990878384529	1422	112	10	5	19464000	181
20220911 032755	-0.997030107882625	6708	58	10	5	14766000	182
20220911 032834	-0.993970265817062	6149	2485	9	5	17226000	183
20220911 032917	-0.999046709700726	3528	824	10	5	18604000	184
20220911 032956	-0.99205321326465	5614	1237	10	5	17320000	185
20220911 033035	-0.994359322353578	5971	1614	9	5	17320000	186
20220911 033112	-0.999788337718681	7842	3359	9	5	15840000	187
20220911 033151	-0.998597357586965	6078	1412	10	5	17320000	188
20220911 033232	-0.999475574315467	7059	303	10	5	15272000	189
20220911 033311	-0.990888059643742	6221	625	10	5	17320000	190
20220911 033349	-0.991886851535138	6282	331	9	5	16724000	191
20220911 033428	-0.992188598205808	7702	1030	10	5	15362000	192
20220911 033507	-0.9994023050443	7900	1049	10	5	15362000	193
20220911 033545	-0.99384673737919	5442	646	9	5	17320000	194
20220911 033624	-0.995623423107918	6934	1744	10	5	15362000	195
20220911 033702	-0.994239808331467	6873	2906	9	5	15472000	196
20220911 033742	-0.996731867411112	2363	534	9	5	19560000	197
20220911 033820	-0.99450147786537	7023	1159	9	5	15362000	198
20220911 033901	-0.994449161183617	4413	1851	10	5	17138000	199
20220911 033940	-0.991630963797032	4660	912	9	5	17130000	200
20220911 034018	-0.993868781067468	7661	2309	9	5	15362000	201
20220911 034058	-0.997684945412527	5790	1347	10	5	17320000	202
20220911 034136	-0.997581628500869	7141	1552	9	5	15362000	203
20220911 034214	-0.996029617083534	7277	3137	10	5	15736000	204
20220911 034253	-0.990858346453985	6018	1379	9	5	17320000	205
20220911 034332	-0.992406736053215	4125	228	9	5	17992000	206
20220911 034411	-0.992924718759701	4815	2075	9	5	17126000	207
20220911 034451	-0.990188912245735	6604	1531	10	5	15362000	208
20220911 034532	-0.992252793932961	917	353	9	5	20542000	209
20220911 034614	-0.995462088235012	3072	414	10	5	18478000	210
20220911 034653	-0.991428085835211	5917	1804	9	5	17320000	211
20220911 034731	-0.99427276590696	5265	1501	9	5	17320000	212
20220911 034810	-0.996630769597905	5837	2517	9	5	17226000	213
20220911 034850	-0.993659149299827	6388	1229	10	5	16814000	214
20220911 034931	-0.991744455018422	3669	952	10	5	18388000	215
20220911 035011	-0.997761727870152	6451	2765	10	5	16266000	216
20220911 035051	-0.998897266201785	4199	2096	10	5	18124000	217
20220911 035130	-0.999715013253451	5554	2044	9	5	17320000	218
20220911 035214	-0.995247021102838	1632	85	9	5	19550000	219
20220911 035254	-0.998653014946894	4820	2129	10	5	17098000	220
20220911 035336	-0.991405940172262	466	75	9	5	20526000	221
20220911 035416	-0.995475550164025	7430	1570	10	5	15362000	222
20220911 035454	-0.990614590198402	6200	1523	9	5	17320000	223
20220911 035532	-0.99206663667337	7001	3415	9	5	15696000	224
20220911 035612	-0.995789077432879	5959	996	10	5	17320000	225
20220911 035652	-0.993664771192782	5089	1438	10	5	17320000	226
20220911 035731	-0.994592134817503	7936	162	9	5	15192000	227
20220911 035811	-0.991924014243508	3670	663	9	5	18388000	228
20220911 035854	-0.991052026922905	1146	359	9	5	19598000	229
20220911 035935	-0.992911729609196	5621	241	10	5	17112000	230
20220911 040019	-0.99752254189668	2327	277	10	5	19186000	231
20220911 040058	-0.997907127607501	6848	522	9	5	15362000	232
20220911 040140	-0.995535708133717	1897	625	10	5	18786000	233
20220911 040219	-0.990677114059705	3542	770	9	5	18604000	234
20220911 040300	-0.996592495055426	4095	952	9	5	18326000	235
20220911 040341	-0.998324937478737	3753	492	10	5	18388000	236
20220911 040421	-0.999907002544909	5689	2467	10	5	17226000	237
20220911 040502	-0.999281532483198	3932	1407	10	5	17702000	238
20220911 040539	-0.99609732376896	7676	2570	9	5	15362000	239
20220911 040618	-0.991512385805385	6151	2376	9	5	17308000	240
20220911 040658	-0.999476070299579	3039	43	9	5	18398000	241
20220911 040737	-0.995151006047081	6689	2270	10	5	15362000	242
20220911 040818	-0.991171843302248	3183	811	10	5	18940000	243
20220911 040858	-0.994495482517466	6734	423	9	5	15272000	244
20220911 040936	-0.996921921208531	7283	3593	9	5	15812000	245
20220911 041016	-0.993137087935935	7103	1253	10	5	15362000	246
20220911 041055	-0.990447778714363	7591	1204	10	5	15362000	247
20220911 041133	-0.995271317332893	7867	1075	9	5	15362000	248
20220911 041212	-0.994542675383149	5934	2845	10	5	17280000	249
20220911 041251	-0.996883042109707	7554	764	9	5	15362000	250
20220911 041332	-0.991740720633516	4070	589	10	5	18326000	251
20220911 041409	-0.991257014538472	7381	1989	9	5	15362000	252
20220911 041450	-0.997169146019768	3061	1259	10	5	17686000	253
20220911 041529	-0.995567466787585	5062	10	9	5	16092000	254
20220911 041611	-0.997938577209345	2224	681	10	5	18482000	255
20220911 041650	-0.998668685069477	5202	398	9	5	17230000	256
20220911 041730	-0.994810041074472	6749	1455	10	5	15362000	257
20220911 041808	-0.990908651874387	6793	2946	10	5	15470000	258
20220911 041850	-0.993746786720938	2785	1165	10	5	17186000	259
20220911 041929	-0.996592743667901	6177	1822	9	5	17320000	260
20220911 042008	-0.995301881395351	6470	2463	9	5	16108000	261
20220911 042045	-0.993431699414187	7763	3584	9	5	15812000	262
20220911 042126	-0.997477082333767	3601	164	9	5	18180000	263
20220911 042204	-0.995908479648007	7077	2676	9	5	15426000	264
20220911 042245	-0.998051769714118	1620	42	9	5	18758000	265
20220911 042324	-0.997544305098298	7649	3516	9	5	15696000	266
20220911 042405	-0.990614010619465	1189	457	9	5	19078000	267
20220911 042445	-0.992119016237968	4962	839	9	5	17320000	268
20220911 042524	-0.998881623003878	7372	2485	10	5	15362000	269
20220911 042604	-0.999660837211071	6455	981	10	5	16108000	270
20220911 042644	-0.994042655768503	4019	1466	9	5	17632000	271
20220911 042724	-0.993277204742463	6777	535	10	5	15362000	272
20220911 042803	-0.996564308367411	6724	912	9	5	15362000	273
20220911 042843	-0.994596297366338	4469	1831	9	5	17138000	274
20220911 042924	-0.999401136536099	2878	33	9	5	18198000	275
20220911 043003	-0.992961266276478	7414	798	9	5	15362000	276
20220911 043043	-0.990127841729102	5860	1670	10	5	17320000	277
20220911 043123	-0.993405307682115	5979	75	9	5	16926000	278
20220911 043201	-0.995547039636876	7317	1803	9	5	15362000	279
20220911 043240	-0.997754900912987	7632	1182	10	5	15362000	280
20220911 043319	-0.992180968895555	3318	974	9	5	18590000	281
20220911 043357	-0.991167850923291	7700	3430	9	5	15696000	282
20220911 043437	-0.997924565622592	6617	1731	10	5	15362000	283
20220911 043520	-0.998574959335487	284	108	9	5	19454000	284
20220911 043600	-0.994304777040973	6855	1452	10	5	15362000	285
20220911 043642	-0.991924950501856	3687	420	10	5	18298000	286
20220911 043723	-0.995231052130968	4960	1928	10	5	17320000	287
20220911 043802	-0.992139272956301	7416	1649	10	5	15362000	288
20220911 043842	-0.991819443081503	5587	2789	9	5	17436000	289
20220911 043920	-0.997936914903936	7906	1683	9	5	15362000	290
20220911 044003	-0.992421427884991	3450	272	10	5	18850000	291
20220911 044042	-0.992672166279054	6683	995	10	5	15362000	292
20220911 044124	-0.992655694969436	2927	973	10	5	17936000	293
20220911 044203	-0.998445048381072	7514	3464	10	5	15696000	294
20220911 044242	-0.990242558866914	7747	2534	10	5	15362000	295
20220911 044320	-0.992430264329184	6766	948	9	5	15362000	296
20220911 044401	-0.991171602383472	4568	1201	10	5	17130000	297
20220911 044440	-0.99810960175659	5415	2574	9	5	17226000	298
20220911 044520	-0.99929582264656	3705	1130	9	5	18216000	299
20220911 044559	-0.999627961912584	4000	740	9	5	18388000	300
20220911 044640	-0.999675092395067	6777	513	10	5	15362000	301
20220911 044718	-0.994368597863079	7232	3011	9	5	15442000	302
20220911 044757	-0.99938198285993	6045	1715	9	5	17320000	303
20220911 044840	-0.997527424829283	2640	62	10	5	19184000	304
20220911 044920	-0.99347108463767	6902	1779	10	5	15362000	305
20220911 045004	-0.998661118575397	736	276	10	5	20392000	306
20220911 045044	-0.993198391493582	6233	2348	10	5	17312000	307
20220911 045122	-0.991510321804439	7456	3601	9	5	15812000	308
20220911 045204	-0.994520941825607	1237	23	9	5	19242000	309
20220911 045243	-0.998367700719559	6931	2972	10	5	15456000	310
20220911 045322	-0.992388000656906	4088	785	9	5	18326000	311
20220911 045403	-0.993575134544691	5348	1195	10	5	17320000	312
20220911 045442	-0.996093578957315	6678	2251	9	5	15362000	313
20220911 045520	-0.999600393551113	7724	3142	9	5	15840000	314
20220911 045559	-0.997737489188358	7085	2695	10	5	15482000	315
20220911 045641	-0.99018507453501	2782	618	10	5	18218000	316
20220911 045720	-0.996947712098822	5980	2604	9	5	17226000	317
20220911 045759	-0.999113056578948	5686	972	9	5	17320000	318
20220911 045840	-0.997216794418227	2050	231	9	5	19426000	319
20220911 045919	-0.997744881256798	5137	1351	9	5	17320000	320
20220911 045958	-0.991950504909824	7509	852	9	5	15362000	321
20220911 050038	-0.998327161556967	6881	676	10	5	15362000	322
20220911 050118	-0.999200699160927	2340	904	9	5	17870000	323
20220911 050200	-0.997899827575451	1770	118	9	5	19474000	324
20220911 050239	-0.996206940505502	7816	2745	9	5	15474000	325
20220911 050321	-0.990814530073509	1488	289	9	5	20166000	326
20220911 050402	-0.996602086254465	771	116	9	5	19334000	327
20220911 050442	-0.997337427279362	7297	2412	10	5	15362000	328
20220911 050521	-0.999106372953849	6930	2597	9	5	15362000	329
20220911 050601	-0.996300128568124	7375	1910	10	5	15362000	330
20220911 050643	-0.994705205049547	5254	1208	10	5	17320000	331
20220911 050723	-0.997626574476424	6016	5	9	5	15648000	332
20220911 050803	-0.991728514952445	7998	561	10	5	15362000	333
20220911 050844	-0.99724127614381	2649	149	9	5	18534000	334
20220911 050927	-0.993461447355663	4249	77	10	5	16652000	335
20220911 051009	-0.992162001837499	3569	1453	10	5	17638000	336
20220911 051048	-0.99418134546716	4486	832	9	5	17130000	337
20220911 051130	-0.994935328550276	6308	376	10	5	16724000	338
20220911 051209	-0.991270932212404	7716	1134	9	5	15362000	339
20220911 051249	-0.998136056649701	7433	1939	10	5	15362000	340
20220911 051332	-0.992378445758207	2953	91	10	5	18190000	341
20220911 051412	-0.99006104075788	6392	1100	9	5	16814000	342
20220911 051453	-0.990841691983333	4225	1620	10	5	17094000	343
20220911 051535	-0.994111958192696	3636	1057	10	5	18430000	344
20220911 051618	-0.990643702462048	2440	982	10	5	17968000	345
20220911 051659	-0.993555146671187	5799	1299	10	5	17320000	346
20220911 051741	-0.997938578885144	4660	418	10	5	17040000	347
20220911 051821	-0.9989739182696	7595	3680	10	5	16354000	348
20220911 051903	-0.997468085490754	1009	11	9	5	20458000	349
20220911 051943	-0.992263560820841	5728	1886	9	5	17320000	350
20220911 052024	-0.994788125338159	1459	279	9	5	19902000	351
20220911 052104	-0.997637211087602	3667	876	9	5	18388000	352
20220911 052146	-0.995774353323919	2009	751	9	5	18614000	353
20220911 052227	-0.996331078750938	1703	706	9	5	18074000	354
20220911 052307	-0.991802230994166	5104	503	9	5	17320000	355
20220911 052349	-0.995049828591896	4683	1220	10	5	17130000	356
20220911 052430	-0.995185524751276	6609	2231	10	5	15362000	357
20220911 052512	-0.990718371945166	5328	853	10	5	17320000	358
20220911 052553	-0.994099605322431	6064	1168	10	5	17320000	359
20220911 052636	-0.999580080270194	2211	3	10	5	17896000	360
20220911 052715	-0.993228238067381	7476	2706	10	5	15482000	361
20220911 052754	-0.994681335285876	7426	3482	10	5	15696000	362
20220911 052836	-0.998466336808098	5341	191	10	5	16990000	363
20220911 052915	-0.994769997432856	6282	637	9	5	16814000	364
20220911 052956	-0.995191456672114	7858	16	9	5	14836000	365
20220911 053037	-0.995737068044171	4943	2447	10	5	17226000	366
20220911 053116	-0.994654052450547	6464	2341	9	5	16108000	367
20220911 053157	-0.999786430229035	5031	647	9	5	17320000	368
20220911 053237	-0.9956151864506	7781	56	9	5	14880000	369
20220911 053323	-0.999486305318814	402	8	9	5	20864000	370
20220911 053410	-0.999002830675207	1012	59	9	5	20378000	371
20220911 053451	-0.99379627537518	4864	2313	10	5	17320000	372
20220911 053531	-0.999378448124092	5924	1913	9	5	17320000	373
20220911 053610	-0.994258912879503	7844	1005	9	5	15362000	374
20220911 053651	-0.996857716239602	4511	1377	9	5	17130000	375
20220911 053732	-0.998454962801151	4141	1094	9	5	18138000	376
20220911 053815	-0.992856685489982	4968	256	10	5	16962000	377
20220911 053855	-0.990820696677328	5494	537	9	5	17320000	378
20220911 053934	-0.992106733692151	6569	1773	9	5	15362000	379
20220911 054017	-0.994483157896942	2665	573	10	5	18218000	380
20220911 054058	-0.99046775677403	5911	2001	9	5	17320000	381
20220911 054141	-0.991017877881858	1946	337	10	5	19230000	382
20220911 054227	-0.993397256906377	1885	295	10	5	19766000	383
20220911 054307	-0.997522540040699	6213	2757	10	5	17398000	384
20220911 054346	-0.995156325470251	5884	1494	9	5	17320000	385
20220911 054428	-0.99540750168178	4107	1759	10	5	17576000	386
20220911 054508	-0.998193257630677	5188	40	9	5	16408000	387
20220911 054549	-0.999055580309939	2842	259	9	5	18310000	388
20220911 054629	-0.995788781575295	7464	3379	10	5	15840000	389
20220911 054708	-0.99982477193428	6761	2276	9	5	15362000	390
20220911 054748	-0.999476071970049	6887	2174	9	5	15362000	391
20220911 054828	-0.999222534395822	6995	1247	10	5	15362000	392
20220911 054910	-0.998938706909902	4018	1268	10	5	17686000	393
20220911 054952	-0.993363843414313	1784	423	9	5	19318000	394
20220911 055034	-0.990694099150714	825	393	9	5	19904000	395
20220911 055115	-0.999092439816445	2905	1169	9	5	17784000	396
20220911 055159	-0.99948505802827	1197	47	9	5	19964000	397
20220911 055243	-0.999487965454219	759	307	9	5	20814000	398
20220911 055327	-0.999488864091341	834	83	9	5	19710000	399
20220911 055411	-0.999486498766411	900	292	9	5	21170000	400
20220911 055455	-0.998582010981288	899	74	9	5	19876000	401
20220911 055539	-0.998579169002572	2278	63	9	5	19318000	402
20220911 055624	-0.999486286342932	407	173	9	5	20206000	403
20220911 055708	-0.999486735195355	1381	522	9	5	20108000	404
20220911 055753	-0.992379394927607	568	219	9	5	20184000	405
20220911 055837	-0.992375346218715	555	177	9	5	20618000	406
20220911 055922	-0.992375998962596	1746	151	9	5	19680000	407
20220911 060006	-0.992255379466154	1658	235	9	5	19730000	408
20220911 060050	-0.992250172500295	1936	340	9	5	19356000	409
20220911 060133	-0.999486865673551	2928	343	9	5	18760000	410
20220911 060216	-0.991406618421056	2221	170	9	5	19264000	411
20220911 060301	-0.997467534934071	2240	282	9	5	19266000	412
20220911 060344	-0.998545916527044	2037	244	9	5	19348000	413
20220911 060429	-0.991402761891415	714	255	9	5	20404000	414
20220911 060514	-0.992253177281351	334	98	9	5	19736000	415
20220911 060558	-0.992253467843748	1567	747	9	5	18060000	416
20220911 060643	-0.999152767799428	257	60	9	5	19550000	417
20220911 060728	-0.999178365138056	896	310	9	5	21012000	418
20220911 060813	-0.999179351094541	491	227	9	5	20508000	419
20220911 060858	-0.999175222535439	2170	281	9	5	19356000	420
20220911 060943	-0.999178902898863	1265	473	9	5	19850000	421
20220911 061028	-0.999176775416897	957	243	9	5	20620000	422
20220911 061112	-0.999104603871945	672	97	9	5	19768000	423
20220911 061156	-0.999131956004738	1328	643	9	5	18216000	424
20220911 061242	-0.998663124692365	2157	424	10	5	18906000	425
20220911 061329	-0.999991132771372	1363	621	10	5	18492000	426
20220911 061416	-0.998657161612073	1257	138	10	5	19830000	427
20220911 061501	-0.999001459707311	2486	276	9	5	18748000	428
20220911 061547	-0.999006476287388	600	207	9	5	20352000	429
20220911 061631	-0.999081809376528	980	487	9	5	20464000	430
20220911 061716	-0.999082300007132	483	91	9	5	20856000	431
20220911 061801	-0.999084625632314	455	200	9	5	19934000	432
20220911 061846	-0.998547650486304	1178	547	9	5	19274000	433
20220911 061932	-0.999080677804931	615	212	9	5	20264000	434
20220911 062018	-0.999486659545326	985	11	9	5	20584000	435
20220911 062103	-0.99854052137263	707	340	9	5	20452000	436
20220911 062149	-0.99854296376039	887	80	9	5	19650000	437
20220911 062234	-0.998567035013985	545	9	9	5	20482000	438
20220911 062320	-0.998560208544174	615	239	9	5	20318000	439
20220911 062406	-0.991399570041986	905	80	9	5	19650000	440
20220911 062451	-0.998556722927197	1460	70	9	5	20066000	441
20220911 062535	-0.999007941212837	1950	26	9	5	18098000	442
20220911 062620	-0.998539605431005	1682	640	9	5	18498000	443
20220911 062707	-0.998147659161117	2063	595	10	5	18914000	444
20220911 062752	-0.999485675278738	934	354	9	5	20542000	445
20220911 062837	-0.997471624169668	784	9	9	5	20854000	446
20220911 062922	-0.997470285138031	1572	20	9	5	18894000	447
20220911 063008	-0.9974736634147	828	158	9	5	20742000	448
20220911 063053	-0.997466475245601	783	283	9	5	20970000	449
20220911 063137	-0.998561539402009	1380	53	9	5	19802000	450
20220911 063223	-0.99747570161165	463	62	9	5	20348000	451
20220911 063308	-0.997463429490969	748	42	9	5	20396000	452
20220911 063354	-0.999004055530371	369	142	9	5	20394000	453
20220911 063440	-0.999188799571015	604	242	9	5	20150000	454
20220911 063526	-0.999194049279028	1163	230	9	5	19664000	455
20220911 063613	-0.998553060791871	586	239	9	5	20250000	456
20220911 063659	-0.998558034808404	105	35	9	5	18506000	457
20220911 063745	-0.998564590245306	1434	355	9	5	19692000	458
20220911 063830	-0.998556443436162	1683	371	9	5	19634000	459
20220911 063920	-0.998661801377842	490	33	10	5	19292000	460
20220911 064008	-0.998659189637989	1315	618	10	5	18488000	461
20220911 064055	-0.997472852375163	379	146	9	5	20486000	462
20220911 064141	-0.997465969376372	1286	628	9	5	18536000	463
20220911 064226	-0.990811777381083	1828	661	9	5	18496000	464
20220911 064314	-0.999986899785664	858	39	10	5	20134000	465
20220911 064358	-0.998371017989942	3412	160	9	5	18744000	466
20220911 064445	-0.99814418568857	3738	47	10	5	16472000	467
20220911 064531	-0.998140192207092	1984	607	10	5	18862000	468
20220911 064617	-0.999095247429364	1762	24	9	5	17780000	469
20220911 064704	-0.99909178157712	1030	344	9	5	19852000	470
20220911 064749	-0.99855310351625	2118	60	9	5	18984000	471
20220911 064836	-0.998372990324845	1252	533	9	5	20002000	472
20220911 064922	-0.990690878699813	1660	713	9	5	18454000	473
20220911 065008	-0.991045889926945	1312	367	9	5	19438000	474
20220911 065056	-0.999090659439768	179	30	9	5	18390000	475
20220911 065137	-0.990476977678651	5781	1761	9	5	17320000	476
20220911 065219	-0.994317414360403	2659	961	9	5	17690000	477
20220911 065300	-0.997141045849838	6022	904	9	5	17320000	478
20220911 065341	-0.998241240116432	7931	1406	9	5	15362000	479
20220911 065428	-0.99908301770339	3283	630	9	5	18642000	480
20220911 065509	-0.998956009085171	7039	2431	9	5	15362000	481
20220911 065600	-0.999983994363651	696	265	10	5	20252000	482
20220911 065642	-0.991521485115821	4436	1224	10	5	17130000	483
20220911 065723	-0.994926824441943	7176	2863	9	5	15472000	484
20220911 065808	-0.990633666506552	1822	782	10	5	17916000	485
20220911 065858	-0.997466265260925	319	102	9	5	19646000	486
20220911 065939	-0.991991314699021	6035	96	9	5	17024000	487
20220911 070029	-0.997474732111985	1033	324	9	5	20230000	488
20220911 070112	-0.994579822680019	2811	169	9	5	18438000	489
20220911 070155	-0.994087451604551	1596	730	9	5	18210000	490
20220911 070237	-0.998549619392974	6274	477	9	5	17320000	491
20220911 070321	-0.990609020972559	3005	1257	10	5	17686000	492
20220911 070403	-0.995115706242945	6189	2151	10	5	17320000	493
20220911 070443	-0.997045791181007	7543	3492	10	5	15696000	494
20220911 070532	-0.99745973550527	1103	216	9	5	19568000	495
20220911 070616	-0.990785758367518	2536	915	10	5	18064000	496
20220911 070658	-0.994821514286278	4701	1515	9	5	17138000	497
20220911 070740	-0.993533210857711	5757	2700	10	5	17346000	498
20220911 070820	-0.993022009023356	6253	2813	9	5	17328000	499
20220911 070902	-0.995206093727336	4303	1241	9	5	17086000	500
20220911 070953	-0.999082736410777	1309	152	9	5	19994000	501
20220911 071034	-0.991294547152014	5611	2751	9	5	17398000	502
20220911 071114	-0.990123033323481	7763	3334	9	5	15840000	503
20220911 071155	-0.99858431320776	7152	3281	10	5	15840000	504
20220911 071238	-0.990643700769377	5020	575	10	5	17320000	505
20220911 071322	-0.995881929565771	3579	67	10	5	16962000	506
20220911 071404	-0.99910460422573	3353	1371	9	5	17712000	507
20220911 071453	-0.99081243793408	1601	21	9	5	18826000	508
20220911 071543	-0.992371703351737	861	28	9	5	20006000	509
20220911 071628	-0.998272507978135	2143	931	10	5	17768000	510
20220911 071709	-0.991888653433104	7640	665	9	5	15362000	511
20220911 071758	-0.99858029904259	1270	435	9	5	19202000	512
20220911 071840	-0.99303505482917	6969	3218	10	5	15840000	513
20220911 071930	-0.997463468599832	1022	310	9	5	20092000	514
20220911 072012	-0.996568001566152	4132	1320	9	5	17756000	515
20220911 072054	-0.996840621096492	7883	1963	10	5	15362000	516
20220911 072144	-0.997468395337254	845	322	9	5	20950000	517
20220911 072233	-0.99948668708805	889	321	9	5	20940000	518
20220911 072321	-0.997467385611801	875	262	9	5	20722000	519
20220911 072409	-0.999178026404337	1638	112	9	5	19850000	520
20220911 072457	-0.998577683363454	943	41	9	5	20448000	521
20220911 072545	-0.998568856729614	595	174	9	5	20338000	522
20220911 072633	-0.999144946906584	319	26	9	5	18872000	523
20220911 072720	-0.999146220832216	1112	535	9	5	19844000	524
20220911 072807	-0.999148886875975	650	282	9	5	20922000	525
20220911 072855	-0.999177940536298	611	272	9	5	20676000	526
20220911 072943	-0.998590793669277	1080	53	9	5	20236000	527
20220911 073031	-0.999185824378312	709	343	9	5	20508000	528
20220911 073121	-0.998143472498375	819	400	10	5	18454000	529
20220911 073209	-0.999109192355707	1641	81	9	5	19104000	530
20220911 073257	-0.99900470572041	1225	559	9	5	19394000	531
20220911 073344	-0.991048893952451	1992	751	9	5	18614000	532
20220911 073433	-0.997767168273216	805	61	9	5	20496000	533
20220911 073521	-0.997770195192466	2119	262	9	5	19400000	534
20220911 073609	-0.998592751244581	872	400	9	5	18830000	535
20220911 073657	-0.998587366996558	664	38	9	5	19922000	536
20220911 073746	-0.999181047182617	912	266	9	5	20914000	537
20220911 073834	-0.990817635268044	1144	155	9	5	20006000	538
20220911 073920	-0.997766616529892	3980	39	9	5	16570000	539
20220911 074009	-0.997767757388136	1066	464	9	5	19318000	540
20220911 074058	-0.997763563314109	1008	291	9	5	20920000	541
20220911 074145	-0.997760797358175	1528	466	9	5	19732000	542
20220911 074234	-0.999081709060654	94	11	9	5	20360000	543
20220911 074318	-0.991772086046601	5064	526	10	5	17320000	544
20220911 074403	-0.996881986643842	3276	20	10	5	16596000	545
20220911 074448	-0.996812338273751	3772	1688	10	5	17576000	546
20220911 074531	-0.994692757150962	5941	1825	9	5	17320000	547
20220911 074613	-0.990877155685124	7690	1756	10	5	15362000	548
20220911 074659	-0.9962139594462	2201	860	10	5	17846000	549
20220911 074743	-0.999396793977795	7552	1013	10	5	15362000	550
20220911 074827	-0.9994264090493	4494	1881	9	5	17138000	551
20220911 074911	-0.994012877869948	2880	429	9	5	18592000	552
20220911 074955	-0.990351634849957	6128	1402	10	5	17320000	553
20220911 075040	-0.994106531488302	694	196	9	5	20610000	554
20220911 075125	-0.99831487273728	1746	148	9	5	19544000	555
20220911 075209	-0.998259034220139	3589	542	10	5	18558000	556
20220911 075253	-0.997500045895081	5842	2773	10	5	17420000	557
20220911 075336	-0.997014002033863	4705	1809	9	5	17138000	558
20220911 075421	-0.990534138944936	5950	759	10	5	17320000	559
20220911 075505	-0.994230227937151	7555	453	10	5	15362000	560
20220911 075552	-0.993767163579888	1242	333	10	5	19924000	561
20220911 075635	-0.991535364084349	5361	2106	10	5	17320000	562
20220911 075716	-0.994596838830144	7523	3053	9	5	15736000	563
20220911 075758	-0.990515685914808	7851	1845	9	5	15362000	564
20220911 075842	-0.990031767416373	5281	2259	10	5	17320000	565
20220911 075925	-0.99736578070191	4423	770	9	5	17130000	566
20220911 080009	-0.996682740301178	2930	553	9	5	18274000	567
20220911 080055	-0.998577456112427	1660	129	9	5	19928000	568
20220911 080139	-0.994347429532164	2733	233	9	5	18470000	569
20220911 080225	-0.992093404614152	3754	1068	10	5	18190000	570
20220911 080311	-0.993078012921142	344	139	9	5	20162000	571
20220911 080358	-0.990889442636273	1292	461	10	5	19070000	572
20220911 080441	-0.995465805676223	7618	3174	10	5	15840000	573
20220911 080527	-0.999821630453696	541	224	9	5	20664000	574
20220911 080612	-0.998004486524039	1180	530	9	5	19846000	575
20220911 080655	-0.998632875533355	6789	2682	9	5	15420000	576
20220911 080737	-0.999776457495671	6923	3436	9	5	15696000	577
20220911 080820	-0.996370936663828	5978	2019	9	5	17320000	578
20220911 080905	-0.994626705307201	5209	1045	10	5	17320000	579
20220911 080949	-0.993248748288248	5483	1671	10	5	17320000	580
20220911 081032	-0.993328898913651	7646	1976	10	5	15362000	581
20220911 081115	-0.992481382669604	4185	1577	9	5	17714000	582
20220911 081158	-0.998189587051882	3967	1109	9	5	18214000	583
20220911 081241	-0.992037649631903	5961	400	9	5	17230000	584
20220911 081323	-0.995267610898633	4572	989	9	5	17130000	585
20220911 081406	-0.994322538027545	5958	1492	9	5	17320000	586
20220911 081450	-0.993789953371105	4242	2113	9	5	17470000	587
20220911 081532	-0.996738680873252	7052	2173	9	5	15362000	588
20220911 081615	-0.997239182120564	4610	2161	9	5	17084000	589
20220911 081701	-0.998764359979653	713	49	9	5	20162000	590
20220911 081746	-0.997800658257937	1452	353	9	5	19608000	591
20220911 081828	-0.995341132716408	7776	2488	9	5	15362000	592
20220911 081913	-0.998569111824445	5862	917	10	5	17320000	593
20220911 081956	-0.994270875587678	7269	3228	10	5	15840000	594
20220911 082038	-0.992567293241918	6824	1148	9	5	15362000	595
20220911 082123	-0.990686690529946	7017	755	10	5	15362000	596
20220911 082207	-0.996284996194243	6550	2865	10	5	15472000	597
20220911 082253	-0.990960506528045	3351	381	10	5	18988000	598
20220911 082335	-0.990541337729348	5515	2718	9	5	17346000	599
20220911 082419	-0.998770028932355	6964	2491	10	5	15362000	600
20220911 082504	-0.999915939029888	2020	570	9	5	1.9e+07	601
20220911 082549	-0.996160253617633	6586	320	10	5	15272000	602
20220911 082633	-0.998377793314264	7962	1801	10	5	15362000	603
20220911 082717	-0.996830592487708	5007	411	9	5	17230000	604
20220911 082801	-0.994518603890815	6506	3160	10	5	15840000	605
20220911 082844	-0.996131291588442	7332	2510	9	5	15362000	606
20220911 082930	-0.994532978413883	2586	843	10	5	18150000	607
20220911 083015	-0.991113060108412	5470	2057	10	5	17320000	608
20220911 083059	-0.990627793267008	5268	2472	9	5	17226000	609
20220911 083142	-0.999682455204737	6642	1571	9	5	15362000	610
20220911 083225	-0.991764454093643	5105	883	9	5	17320000	611
20220911 083314	-0.998431446033779	710	106	10	5	19456000	612
20220911 083357	-0.991366048059291	6669	2645	9	5	15434000	613
20220911 083441	-0.999796779371933	5622	2064	9	5	17320000	614
20220911 083526	-0.997586923529534	4545	662	10	5	17130000	615
20220911 083610	-0.992961393555473	7503	310	9	5	15272000	616
20220911 083654	-0.99487336178588	3386	597	9	5	18642000	617
20220911 083740	-0.990708960334794	4925	486	10	5	17320000	618
20220911 083826	-0.995174484888893	4781	476	10	5	17130000	619
20220911 083912	-0.99042561570514	6445	26	10	5	15468000	620
20220911 083955	-0.990906483356059	7865	1894	10	5	15362000	621
20220911 084040	-0.996610689088393	5752	866	10	5	17320000	622
20220911 084124	-0.9903022191983	7799	2991	10	5	15444000	623
20220911 084209	-0.990917136301002	4650	2244	10	5	16984000	624
20220911 084253	-0.996518858932063	7321	1310	10	5	15362000	625
20220911 084340	-0.991189283539436	1034	31	9	5	19760000	626
20220911 084423	-0.995718123037131	6394	2598	9	5	16720000	627
20220911 084508	-0.998868385265672	6527	495	10	5	15362000	628
20220911 084554	-0.999165476953273	3662	719	10	5	18388000	629
20220911 084639	-0.996551027381255	3029	1432	9	5	17624000	630
20220911 084724	-0.992698011447459	2229	1023	9	5	17944000	631
20220911 084808	-0.993865859007705	4536	1159	9	5	17130000	632
20220911 084856	-0.996979704402462	2222	252	10	5	19144000	633
20220911 084938	-0.995624999418335	7837	3810	9	5	16354000	634
20220911 085022	-0.995650813830749	6956	2740	9	5	15480000	635
20220911 085106	-0.994132619270415	5633	1822	9	5	17320000	636
20220911 085152	-0.994974113927635	4727	265	10	5	16768000	637
20220911 085237	-0.993050444575073	4345	512	9	5	17468000	638
20220911 085322	-0.996631095441219	6453	1308	10	5	16108000	639
20220911 085407	-0.993750059124811	5630	1723	10	5	17320000	640
20220911 085451	-0.996725685852775	6656	3289	10	5	15840000	641
20220911 085547	-0.994104252483319	1888	313	9	5	19692000	642
20220911 085630	-0.990214946070106	7397	1552	9	5	15362000	643
20220911 085714	-0.998414859756923	5237	790	9	5	17320000	644
20220911 085759	-0.993962341890226	7353	216	10	5	15154000	645
20220911 085846	-0.999148116908588	2582	99	10	5	18082000	646
20220911 085932	-0.994458989295578	5521	1637	10	5	17320000	647
20220911 090016	-0.998372448206311	5591	50	9	5	16348000	648
20220911 090100	-0.993953101238881	7801	2858	10	5	15472000	649
20220911 090143	-0.991370822313447	7945	2934	10	5	15472000	650
20220911 090232	-0.994108462348874	1406	363	9	5	19442000	651
20220911 090315	-0.996936403863428	7186	651	9	5	15362000	652
20220911 090404	-0.999820141101683	1499	261	9	5	19556000	653
20220911 090449	-0.992499994030686	3483	199	9	5	18490000	654
20220911 090534	-0.992255378407742	2414	861	9	5	17822000	655
20220911 090620	-0.997098840275307	6301	243	10	5	16606000	656
20220911 090705	-0.992250172189025	2089	398	9	5	19064000	657
20220911 090756	-0.99876831493032	1156	29	9	5	19808000	658
20220911 090847	-0.998765077391893	2357	293	9	5	19396000	659
20220911 090937	-0.998389127974988	2195	115	9	5	19170000	660
20220911 091030	-0.999984888688961	1650	104	10	5	19576000	661
20220911 091121	-0.998590293500439	2946	63	9	5	18432000	662
20220911 091212	-0.993763751747383	2866	306	10	5	18440000	663
20220911 091302	-0.994791179264537	2092	606	9	5	18852000	664
20220911 091352	-0.994784270157504	1467	477	9	5	20060000	665
20220911 091441	-0.994784856279166	2994	75	9	5	18570000	666
20220911 091531	-0.997761327361324	1829	8	9	5	18124000	667
20220911 091621	-0.999925682411594	2213	332	9	5	19038000	668
20220911 091719	-0.99776425420468	410	179	9	5	20432000	669
20220911 091808	-0.998005924806763	3053	833	9	5	18286000	670
20220911 091900	-0.999075178567116	470	103	9	5	19778000	671
20220911 091952	-0.998998483496038	458	117	9	5	19650000	672
20220911 092042	-0.992375595026689	514	1	9	5	19440000	673
20220911 092132	-0.99237205877369	2609	487	9	5	18976000	674
20220911 092221	-0.990815848924228	3256	177	9	5	18992000	675
20220911 092313	-0.999169597379695	740	189	9	5	20618000	676
20220911 092402	-0.999168720619303	2368	279	9	5	19296000	677
20220911 092454	-0.997763471752023	1524	608	9	5	18486000	678
20220911 092546	-0.99917165490784	944	355	9	5	20542000	679
20220911 092637	-0.99917176186687	955	43	9	5	20456000	680
20220911 092729	-0.993080748941327	782	346	9	5	20404000	681
20220911 092820	-0.99916707030308	741	22	9	5	20548000	682
20220911 092911	-0.992376101679984	1331	603	9	5	18758000	683
20220911 093002	-0.993079919823794	2024	77	9	5	18828000	684
20220911 093056	-0.993770607307747	1496	165	10	5	19776000	685
20220911 093147	-0.99236885610239	1517	351	9	5	19556000	686
20220911 093238	-0.998002824201244	879	78	9	5	19468000	687
20220911 093329	-0.999160805727836	1189	10	9	5	19926000	688
20220911 093421	-0.998760276656895	998	61	9	5	20298000	689
20220911 093513	-0.998761319321374	882	384	9	5	19900000	690
20220911 093604	-0.998756506598135	926	327	9	5	20878000	691
20220911 093655	-0.998756303864043	1950	210	9	5	19716000	692
20220911 093748	-0.998757143090969	725	123	9	5	19724000	693
20220911 093839	-0.998757080348803	1460	696	9	5	18050000	694
20220911 093930	-0.998751617884591	1390	462	9	5	19732000	695
20220911 094022	-0.999493374846249	1165	324	9	5	20012000	696
20220911 094115	-0.998009038696372	1231	271	9	5	20110000	697
20220911 094207	-0.998006581650691	850	37	9	5	19944000	698
20220911 094258	-0.997370610316986	2691	1160	9	5	17186000	699
20220911 094350	-0.998013268296989	1248	37	9	5	19422000	700
20220911 094441	-0.997209601582633	3149	322	9	5	18334000	701
20220911 094532	-0.999930418151691	4047	707	9	5	18388000	702
20220911 094624	-0.998650636965525	1120	107	9	5	20316000	703
20220911 094714	-0.99865254323195	4370	157	9	5	17176000	704
20220911 094806	-0.998646407402887	654	154	9	5	20232000	705
20220911 094858	-0.994786358718383	2375	867	9	5	17864000	706
20220911 094949	-0.998008433560905	3375	38	9	5	17262000	707
20220911 095040	-0.997798785635459	3553	49	9	5	16716000	708
20220911 095132	-0.998648220697876	1782	668	9	5	18424000	709
20220911 095225	-0.997806063370623	1637	722	9	5	18336000	710
20220911 095318	-0.998012153965034	1057	525	9	5	19780000	711
20220911 095411	-0.998399997365085	820	354	9	5	20442000	712
20220911 095503	-0.998403253906684	1871	190	9	5	19820000	713
20220911 095554	-0.998402417528298	1999	812	9	5	18260000	714
20220911 095647	-0.996598732763485	2055	564	9	5	19014000	715
20220911 095740	-0.997766167874018	1168	243	9	5	19588000	716
20220911 095834	-0.998398628869576	400	80	9	5	20018000	717
20220911 095927	-0.99875506938944	988	329	9	5	20762000	718
20220911 100020	-0.99840805383813	1051	359	9	5	19896000	719
20220911 100114	-0.99840273215557	343	148	9	5	20012000	720
20220911 100207	-0.998648190366491	712	60	9	5	20350000	721
20220911 100300	-0.998642162147663	849	50	9	5	20384000	722
20220911 100354	-0.997762704068904	604	235	9	5	20176000	723
20220911 100448	-0.998638304180719	532	193	9	5	20526000	724
20220911 100540	-0.998639236188983	2297	249	9	5	19066000	725
20220911 100633	-0.997769968615213	512	1	9	5	19440000	726
20220911 100726	-0.998636517002528	1071	8	9	5	20648000	727
20220911 100819	-0.998633471831974	1529	127	9	5	19924000	728
20220911 100912	-0.998636027409719	965	323	9	5	20784000	729
20220911 101006	-0.998635361072441	856	170	9	5	20736000	730
20220911 101058	-0.990696267855373	2906	269	9	5	18622000	731
20220911 101153	-0.99853533844716	843	173	9	5	20798000	732
20220911 101247	-0.998532752155473	1352	262	9	5	19514000	733
20220911 101340	-0.998535208720907	1761	2	9	5	18402000	734
20220911 101434	-0.998537681345208	747	236	9	5	20362000	735
20220911 101529	-0.998136872294365	2037	175	10	5	19506000	736
20220911 101623	-0.998411724111537	857	37	9	5	19944000	737
20220911 101715	-0.99841013196754	3714	33	9	5	16558000	738
20220911 101810	-0.998367038391059	849	69	9	5	20190000	739
20220911 101905	-0.996726470008196	1711	448	9	5	19816000	740
20220911 101958	-0.996727826647798	4266	566	9	5	17086000	741
20220911 102052	-0.996734805424111	1531	138	9	5	19270000	742
20220911 102145	-0.991050530750055	3338	88	9	5	17278000	743
20220911 102237	-0.991186597569282	3300	110	9	5	16918000	744
20220911 102332	-0.99410422712382	359	95	9	5	19984000	745
20220911 102427	-0.996729556359955	1291	155	9	5	19994000	746
20220911 102523	-0.99834401266574	1946	201	10	5	19716000	747
20220911 102617	-0.998346937723227	4577	220	10	5	16796000	748
20220911 102712	-0.994781134937543	868	226	9	5	20964000	749
20220911 102807	-0.99477992629437	1211	369	9	5	19438000	750
20220911 102903	-0.99377236612925	1295	607	10	5	18486000	751
20220911 102957	-0.993401579112913	3548	242	10	5	18212000	752
20220911 103052	-0.993396897834029	2008	881	10	5	17900000	753
20220911 103149	-0.998337737711683	1877	270	10	5	19828000	754
20220911 103246	-0.998339669441686	1679	466	10	5	19690000	755
20220911 103342	-0.998331627533233	1544	340	10	5	19580000	756
20220911 103436	-0.995246865700039	1757	722	9	5	18458000	757
20220911 103530	-0.993078214845744	1863	860	9	5	18270000	758
20220911 103626	-0.997755219369092	1564	317	9	5	19918000	759
20220911 103721	-0.997749178259155	2249	384	9	5	18938000	760
20220911 103819	-0.997493763073233	2054	335	10	5	19168000	761
20220911 103915	-0.994782531847666	271	66	9	5	19790000	762
20220911 104010	-0.998535385960412	1016	369	9	5	19862000	763
20220911 104105	-0.998364803659833	1112	508	9	5	20236000	764
20220911 104201	-0.998340024195519	1324	28	10	5	18360000	765
20220911 104257	-0.998335326113837	2048	775	10	5	18094000	766
20220911 104352	-0.997488678557044	4253	399	10	5	16996000	767
20220911 104448	-0.991194996945581	1248	62	9	5	20104000	768
20220911 104543	-0.998365511509159	2007	960	9	5	17720000	769
20220911 104641	-0.998346197565859	1900	927	10	5	18034000	770
20220911 104737	-0.998634388146551	2069	949	9	5	17730000	771
20220911 104833	-0.999076660983647	1761	700	9	5	17984000	772
20220911 104928	-0.996601197546624	4500	123	9	5	16622000	773
20220911 105024	-0.995252686353701	868	113	9	5	19432000	774
20220911 105121	-0.996721956342733	1434	122	9	5	19468000	775
20220911 105214	-0.990328101315755	3420	220	9	5	18744000	776
20220911 105308	-0.998320123814379	2809	76	9	5	18140000	777
20220911 105406	-0.993393699167261	740	19	10	5	19906000	778
20220911 105505	-0.993767983189494	688	12	10	5	20038000	779
20220911 105601	-0.99308570126481	913	430	9	5	19824000	780
20220911 105657	-0.991192519211756	865	370	9	5	20144000	781
20220911 105752	-0.990334462816692	953	362	9	5	19570000	782
20220911 105848	-0.991193541468409	369	100	9	5	19766000	783
20220911 105941	-0.991195200321798	2106	823	9	5	18260000	784
20220911 110036	-0.991409753273507	674	295	9	5	20896000	785
20220911 110131	-0.991413196340374	1327	389	9	5	19250000	786
20220911 110225	-0.991408604876755	1469	657	9	5	18200000	787
20220911 110320	-0.991412153379727	970	91	9	5	20118000	788
20220911 110415	-0.991409410357127	451	199	9	5	19938000	789
20220911 110512	-0.99339321606373	2705	245	10	5	18464000	790
20220911 110611	-0.993398369056751	74	28	10	5	17900000	791
20220911 110708	-0.993082249557254	385	144	9	5	20712000	792
20220911 110803	-0.991404730609259	814	60	9	5	20494000	793
20220911 110900	-0.991200061366141	744	98	9	5	19654000	794
20220911 110955	-0.991198600252838	3431	133	9	5	17640000	795
20220911 111052	-0.993090625390554	367	178	9	5	20698000	796
20220911 111148	-0.993093442450091	1978	348	9	5	19088000	797
20220911 111245	-0.993088391193146	607	110	9	5	19302000	798
20220911 111342	-0.99309431958648	496	175	9	5	20646000	799
20220911 111438	-0.993099220053605	1024	129	9	5	20130000	800
20220911 111535	-0.993096530937147	639	312	9	5	20896000	801
20220911 111630	-0.995250876482958	5220	225	9	5	16986000	802
20220911 111725	-0.998311992479612	1970	647	9	5	18696000	803
20220911 111822	-0.997368277494965	1284	279	9	5	20040000	804
20220911 111918	-0.996605264614562	1354	599	9	5	18758000	805
20220911 112015	-0.997364586153548	959	393	9	5	19806000	806
20220911 112112	-0.999493187014652	1683	831	9	5	18648000	807
20220911 112210	-0.999085412418767	2122	673	10	5	18650000	808
20220911 112304	-0.997219102676951	4184	551	9	5	18326000	809
20220911 112402	-0.999093030854051	1728	366	10	5	19510000	810
20220911 112501	-0.99752651973454	2250	799	10	5	18104000	811
20220911 112558	-0.997367629262077	1460	704	9	5	18004000	812
20220911 112655	-0.997365761583255	2085	244	9	5	19414000	813
20220911 112752	-0.997897177239567	1320	591	9	5	18752000	814
20220911 112849	-0.997372243610203	1784	19	9	5	17992000	815
20220911 112944	-0.9977569423606	3057	426	9	5	18478000	816
20220911 113041	-0.991407555463733	926	303	9	5	20652000	817
20220911 113136	-0.990333698544585	2875	2	9	5	18242000	818
20220911 113231	-0.993103527736097	2248	447	9	5	19262000	819
20220911 113328	-0.990330557091225	1559	623	9	5	18170000	820
20220911 113424	-0.99309912785475	2049	713	9	5	18828000	821
20220911 113522	-0.993422863664508	1920	700	9	5	18272000	822
20220911 113619	-0.993103210397116	503	213	9	5	19796000	823
20220911 113717	-0.999090470350755	3738	250	10	5	18040000	824
20220911 113815	-0.993091599295091	836	357	9	5	20668000	825
20220911 113913	-0.998659382464044	4292	222	10	5	16752000	826
20220911 114010	-0.993370015721503	929	362	9	5	19570000	827
20220911 114108	-0.997473376814247	662	2	9	5	20786000	828
20220911 114207	-0.992378185559408	109	36	9	5	18288000	829
20220911 114302	-0.992382446637198	3248	414	9	5	19132000	830
20220911 114357	-0.999822704296869	2691	39	9	5	19222000	831
20220911 114456	-0.998140122329187	1585	57	10	5	19158000	832
20220911 114551	-0.993367673193041	3718	298	9	5	18160000	833
20220911 114648	-0.999823463660951	581	214	9	5	20208000	834
20220911 114743	-0.997368414941163	3291	293	9	5	18850000	835
20220911 114840	-0.997361434962331	652	216	9	5	20290000	836
20220911 114937	-0.9985346323596	510	103	9	5	19722000	837
20220911 115034	-0.992377112683454	1088	279	9	5	20064000	838
20220911 115129	-0.991410646184764	2226	329	9	5	18954000	839
20220911 115225	-0.998364013356435	609	117	9	5	19388000	840
20220911 115320	-0.991405379246295	1013	387	9	5	19674000	841
20220911 115416	-0.998636543432783	524	254	9	5	20560000	842
20220911 115512	-0.998386087075195	1018	505	9	5	20302000	843
20220911 115608	-0.997363431258643	1173	35	9	5	19510000	844
20220911 115703	-0.996725291310662	1853	18	9	5	17980000	845
20220911 115759	-0.998643754749622	793	364	9	5	20080000	846
20220911 115854	-0.998559519880761	2944	138	9	5	18438000	847
20220911 115950	-0.998397675744771	1363	476	9	5	20102000	848
20220911 120045	-0.998366954462712	939	437	9	5	20282000	849
20220911 120142	-0.998561926749788	1089	460	9	5	19322000	850
20220911 120236	-0.998644441662524	2328	21	9	5	18686000	851
20220911 120331	-0.998398342466964	3723	286	9	5	18160000	852
20220911 120428	-0.998405419776909	426	171	9	5	20056000	853
20220911 120525	-0.99865206646358	209	61	9	5	19524000	854
20220911 120622	-0.999136299767972	232	75	9	5	19478000	855
20220911 120719	-0.999163386484706	378	45	9	5	19472000	856
20220911 120815	-0.999486480570439	1189	281	9	5	20006000	857
20220911 120911	-0.999491167053142	1029	374	9	5	19326000	858
20220911 121007	-0.999140602863049	1491	397	9	5	19398000	859
20220911 121103	-0.998762151343787	2930	29	9	5	17836000	860
20220911 121157	-0.99948789131111	2750	824	9	5	17868000	861
20220911 121252	-0.992380378170988	2430	213	9	5	19150000	862
20220911 121348	-0.998380440939956	698	91	9	5	20554000	863
20220911 121445	-0.998536063992297	501	195	9	5	20316000	864
20220911 121541	-0.998380147904018	1201	519	9	5	20182000	865
20220911 121638	-0.998566798131477	927	339	9	5	20592000	866
20220911 121733	-0.999494057529456	3973	285	9	5	18160000	867
20220911 121829	-0.998554774074484	920	210	9	5	20868000	868
20220911 121926	-0.997358900249677	2057	300	9	5	19530000	869
20220911 122023	-0.998400929769075	1618	2	9	5	19572000	870
20220911 122120	-0.998539442946282	1083	122	9	5	20026000	871
20220911 122217	-0.998381534163546	1452	177	9	5	19640000	872
20220911 122316	-0.998653988852109	934	151	10	5	21098000	873
20220911 122416	-0.998654750507036	1059	380	10	5	19128000	874
20220911 122515	-0.998653153518959	907	33	10	5	19664000	875
20220911 122610	-0.997752751124359	1818	600	9	5	18636000	876
20220911 122709	-0.998654241358331	1271	126	10	5	20130000	877
20220911 122809	-0.998653858453387	429	184	10	5	19998000	878
20220911 122905	-0.994781719879006	1711	325	9	5	20250000	879
20220911 123003	-0.998766124932485	781	195	9	5	20612000	880
20220911 123059	-0.999157527956858	931	86	9	5	20154000	881
20220911 123156	-0.999159377755906	3273	83	9	5	17120000	882
20220911 123253	-0.999483767064306	691	10	9	5	20552000	883
20220911 123350	-0.998640248263054	683	31	9	5	19870000	884
20220911 123448	-0.996732390944782	700	260	9	5	20320000	885
20220911 123545	-0.99913497174343	1406	567	9	5	19380000	886
20220911 123641	-0.999191045328271	2324	517	9	5	19664000	887
20220911 123737	-0.998635773980111	3532	268	9	5	18330000	888
20220911 123834	-0.998766614653866	1454	675	9	5	18084000	889
20220911 123930	-0.999086522627628	1385	677	9	5	17996000	890
20220911 124025	-0.993097171159724	4029	133	9	5	17036000	891
20220911 124121	-0.999197066706777	1350	599	9	5	18758000	892
20220911 124217	-0.992373896896333	1054	274	9	5	19902000	893
20220911 124314	-0.999821747647517	1580	655	9	5	18006000	894
20220911 124410	-0.996721326712203	2480	631	9	5	18326000	895
20220911 124506	-0.999187175640765	1432	364	9	5	19442000	896
20220911 124604	-0.998753706671523	916	322	9	5	20784000	897
20220911 124701	-0.992381898885743	950	376	9	5	20044000	898
20220911 124758	-0.999191579895616	1984	46	9	5	18814000	899
20220911 124855	-0.998567287759801	1530	738	9	5	18174000	900
20220911 124953	-0.999156015232976	1487	741	9	5	18178000	901
20220911 125051	-0.998641381549581	1091	486	9	5	20228000	902
20220911 125146	-0.992252534638227	5357	155	9	5	17028000	903
20220911 125242	-0.999483504077633	4562	464	9	5	17130000	904
20220911 125338	-0.999928942732897	3143	9	9	5	17928000	905
20220911 125436	-0.997367271702175	316	54	9	5	19540000	906
20220911 125535	-0.998565595714885	563	215	9	5	20202000	907
20220911 125632	-0.998379065182299	39	12	9	5	19936000	908
20220911 125730	-0.998388831094967	107	12	9	5	20216000	909
20220911 125829	-0.998589782868282	80	25	9	5	19448000	910
20220911 125926	-0.993091649668253	1275	63	9	5	19980000	911
20220911 130024	-0.993082753057044	1390	576	9	5	19302000	912
20220911 130122	-0.994785302048956	672	272	9	5	20666000	913
20220911 130222	-0.997490932716896	792	5	10	5	20836000	914
20220911 130318	-0.997461683243116	3121	30	9	5	17922000	915
20220911 130418	-0.997491359608343	1360	201	10	5	20190000	916
20220911 130514	-0.993097336775515	590	196	9	5	20570000	917
20220911 130614	-0.997471693733609	824	318	9	5	20784000	918
20220911 130714	-0.999495706379545	683	16	9	5	20744000	919
20220911 130816	-0.999498456143409	811	244	9	5	20676000	920
20220911 130921	-0.997498017719651	1161	93	10	5	19958000	921
20220911 131053	-0.992377820847011	1256	27	9	5	18692000	922
20220911 131203	-0.999496885781626	550	173	9	5	20370000	923
20220911 131315	-0.997492827032992	649	34	10	5	19772000	924
20220911 131439	-0.990816531679326	1643	697	9	5	18056000	925
20220911 131602	-0.9973610742754	1529	716	9	5	18336000	926
20220911 131725	-0.998365698658099	3345	100	9	5	17130000	927
20220911 131851	-0.992367356416808	1776	174	9	5	20140000	928
20220911 132000	-0.993080883882868	79	6	9	5	20730000	929
20220911 132115	-0.999501043297481	2752	622	9	5	18218000	930
20220911 132247	-0.991190108351867	1509	484	9	5	20098000	931
20220911 132447	-0.997497127215918	3567	96	10	5	16552000	932
20220911 132555	-0.993089935463658	1808	760	9	5	18062000	933
20220911 132707	-0.997498768753293	1505	698	10	5	17998000	934
20220911 132820	-0.999495242358213	870	417	9	5	19296000	935
20220911 132954	-0.999499094164437	392	120	9	5	19966000	936
20220911 133216	-0.998758999014654	720	288	9	5	20954000	937
20220911 133407	-0.998554475468441	340	61	9	5	19954000	938
20220911 133535	-0.998368947297616	408	177	9	5	20472000	939
20220911 133704	-0.998371268727003	792	316	9	5	20892000	940
20220911 133824	-0.997758955364881	602	287	9	5	20740000	941
20220911 133944	-0.999168488845773	196	2	9	5	20436000	942
20220911 134112	-0.999173128233874	368	165	9	5	20640000	943
20220911 134249	-0.995249236245602	217	101	9	5	19352000	944
20220911 134417	-0.999498504383241	1769	236	9	5	19730000	945
20220911 134544	-0.991191343399066	2294	189	9	5	19264000	946
20220911 134722	-0.994107235218939	247	62	9	5	19542000	947
20220911 134844	-0.991410694153221	734	244	9	5	20376000	948
20220911 135021	-0.998010507652207	514	246	9	5	20462000	949
20220911 135149	-0.993100392079265	889	359	9	5	20644000	950
20220911 135247	-0.994106430304096	2212	581	9	5	18822000	951
20220911 135347	-0.991197124600484	775	196	9	5	20612000	952
20220911 135446	-0.992364638659259	1976	67	9	5	18958000	953
20220911 135546	-0.991054823590361	1425	633	9	5	18204000	954
20220911 135731	-0.998648444731357	779	171	10	5	20414000	955
20220911 135852	-0.993366527744193	1003	86	9	5	20368000	956
20220911 135951	-0.993366815841327	1240	581	9	5	19292000	957
20220911 140052	-0.993395404754992	1532	12	10	5	18858000	958
20220911 140151	-0.99140144690533	2132	150	9	5	19508000	959
20220911 140251	-0.993368964400014	1543	14	9	5	19022000	960
20220911 140350	-0.993362192770859	1387	12	9	5	19340000	961
20220911 140450	-0.99308479879032	1039	102	9	5	20332000	962
20220911 140601	-0.993364825374787	913	148	9	5	20914000	963
20220911 140701	-0.993101346468097	1224	90	9	5	19992000	964
20220911 140804	-0.993390316225066	943	68	10	5	19244000	965
20220911 140903	-0.993364656662835	1112	11	9	5	20304000	966
20220911 141000	-0.99992104995959	4367	536	9	5	17468000	967
20220911 141100	-0.997525005361226	5253	211	10	5	16990000	968
20220911 141159	-0.999493014885445	553	56	9	5	20332000	969
20220911 141302	-0.998651016085484	956	262	10	5	20296000	970
20220911 141402	-0.999182228208965	465	186	9	5	20314000	971
20220911 141507	-0.997500407721903	320	11	10	5	19594000	972
20220911 141607	-0.998370329799383	744	7	9	5	20796000	973
20220911 141710	-0.999167421543475	587	219	9	5	20184000	974
20220911 141811	-0.999148172655368	703	331	9	5	20872000	975
20220911 141913	-0.999190598281995	805	381	9	5	19910000	976
20220911 142017	-0.99748987850798	167	44	10	5	18870000	977
20220911 142119	-0.997755834534723	266	65	9	5	19798000	978
20220911 142221	-0.998646520934591	924	306	10	5	20334000	979
20220911 142325	-0.998648512687428	1016	392	10	5	19274000	980
20220911 142429	-0.998646062228071	948	19	10	5	20354000	981
20220911 142530	-0.998646008941776	2520	202	10	5	18746000	982
20220911 142634	-0.998643390242152	286	70	10	5	18290000	983
20220911 142736	-0.998408590601238	220	27	9	5	19008000	984
20220911 142839	-0.999091166614945	202	4	10	5	20350000	985
20220911 142940	-0.997757313083916	818	344	9	5	20492000	986
20220911 143044	-0.999093862204691	218	78	10	5	18030000	987
20220911 143146	-0.998766397808555	78	35	9	5	18326000	988
20220911 143246	-0.998370930053796	1328	177	9	5	19924000	989
20220911 143346	-0.998369978255827	188	5	9	5	20604000	990
20220911 143448	-0.998414132056822	89	17	9	5	19994000	991
20220911 143552	-0.999090954348389	889	400	10	5	18466000	992
20220911 143653	-0.998771533971992	2478	127	9	5	18520000	993
20220911 143757	-0.998333377319566	2913	49	10	5	18214000	994
20220911 143900	-0.998358892864683	1060	471	9	5	19606000	995
20220911 144002	-0.999820756079208	128	56	9	5	19486000	996
20220911 144104	-0.998763839603954	884	273	9	5	21224000	997
20220911 144205	-0.998764390575403	951	331	9	5	20980000	998
20220911 144311	-0.998327502161895	831	262	10	5	20590000	999
20220911 144419	-0.99832741674818	2521	65	10	5	18554000	1000
20220911 144550	-0.998324804475492	489	213	10	5	19544000	1001
20220911 144705	-0.998329187944802	481	146	10	5	20268000	1002
20220911 144813	-0.998768539511498	1063	295	9	5	19966000	1003
